DanSal,818229277,5,4,c,b,-,-,3028,40,60,
DanSal,818229305,4,3,f,-,-,-,3048,0,0,
DanSal,818229329,4,2,Br,b,-,-,3048,90,120,
DanSal,818229356,4,1,Bc,k,kf,-,3078,10,0,
DanSal,818229382,4,4,f,-,-,-,3068,0,0,
DanSal,818229455,3,2,c,b,-,-,3068,30,40,
DanSal,818229481,2,1,Bk,kf,-,-,3078,10,0,
DanSal,818229498,3,1,Bf,-,-,-,3068,5,0,
DanSal,818229504,3,3,r,b,-,-,3063,80,110,
DanSal,818229526,3,2,Bk,bc,k,k,3093,60,0,Qh,4h
DanSal,818229565,3,1,Bf,-,-,-,3033,5,0,
DanSal,818229575,3,3,f,-,-,-,3028,0,0,
DanSal,818229582,3,2,B,-,-,-,3028,10,15,
DanSal,818229588,3,1,Bc,b,kf,-,3033,75,0,
DanSal,818229625,3,3,c,b,-,-,2958,40,60,
DanSal,818229646,3,2,Bk,bf,-,-,2978,35,0,
DanSal,818229676,3,1,Br,-,-,-,2943,30,40,
DanSal,818229691,3,3,f,-,-,-,2953,0,0,
DanSal,818229697,3,2,B,-,-,-,2953,10,15,
DanSal,818229702,3,1,Bf,-,-,-,2958,5,0,
DanSal,818229718,4,4,c,c,b,-,2953,210,320,
DanSal,818229758,4,3,c,b,-,-,3063,40,60,
DanSal,818229777,4,2,Bf,-,-,-,3083,10,0,
DanSal,818229785,4,1,Bf,-,-,-,3073,5,0,
DanSal,818229802,4,4,f,-,-,-,3068,0,0,
DanSal,818229810,4,3,c,f,-,-,3068,10,0,
DanSal,818229826,4,2,Bf,-,-,-,3058,10,0,
DanSal,818229836,5,1,Bf,-,-,-,3048,5,0,
DanSal,818229880,6,6,f,-,-,-,3043,0,0,
DanSal,818229942,7,6,f,-,-,-,3043,0,0,
DanSal,818229980,8,6,f,-,-,-,3043,0,0,
DanSal,818230058,8,5,c,rf,-,-,3043,90,0,
DanSal,818230109,8,4,f,-,-,-,2953,0,0,
DanSal,818230186,8,3,f,-,-,-,2953,0,0,
DanSal,818230302,7,2,Bk,kf,-,-,2953,10,0,
DanSal,818230379,8,1,Bc,kf,-,-,2943,10,0,
DanSal,818230429,9,9,r,-,-,-,2933,25,40,
DanSal,818230448,9,8,rc,b,bc,kf,2948,885,0,
DanSal,818230507,8,6,c,f,-,-,2063,35,0,
DanSal,818230549,8,5,f,-,-,-,2028,0,0,
DanSal,818230577,8,4,c,rr,bA,-,2028,2028,0,9c,Ah
DanSal,818745968,11,4,c,c,kf,-,3365,80,0,
DanSal,818746060,11,3,f,-,-,-,3285,0,0,
DanSal,818746136,12,2,Bf,-,-,-,3285,10,0,
DanSal,818746183,12,1,Br,bc,kcA,-,3275,3275,0,Qd,Ks
DanSal,819512991,3,2,Bk,k,k,k,3691,10,0,6s,Th
DanSal,819513025,3,1,Bf,-,-,-,3681,5,0,
DanSal,819513052,4,4,rc,rr,-,-,3676,3035,4860,
DanSal,819513108,4,3,c,r,b,b,5501,560,1125,Ac,8s
DanSal,819513177,4,2,Bf,-,-,-,6066,10,0,
DanSal,819513187,4,1,Bf,-,-,-,6056,5,0,
DanSal,819513205,4,4,f,-,-,-,6051,0,0,
DanSal,819513240,4,3,f,-,-,-,6051,0,0,
DanSal,819513246,4,2,Bk,c,k,k,6051,30,0,5s,Th
DanSal,819513280,5,1,Br,b,-,-,6021,120,180,
DanSal,819513315,5,5,f,-,-,-,6081,0,0,
DanSal,819513346,5,4,f,-,-,-,6081,0,0,
DanSal,819513357,5,3,f,-,-,-,6081,0,0,
DanSal,819513373,5,2,Bc,kf,-,-,6081,25,0,
DanSal,819513409,5,1,Bf,-,-,-,6056,5,0,
DanSal,819513432,5,5,f,-,-,-,6051,0,0,
DanSal,819513454,5,4,f,-,-,-,6051,0,0,
DanSal,819513504,5,3,r,-,-,-,6051,30,45,
DanSal,819513538,5,2,Bf,-,-,-,6066,10,0,
DanSal,819513558,5,1,Br,b,k,k,6056,140,0,8s,8h
DanSal,819513636,5,5,f,-,-,-,5916,0,0,
DanSal,819513648,5,3,Q,-,-,-,5916,0,0,
DanSal,819513950,5,2,Br,b,-,-,5916,90,120,
DanSal,819513986,5,1,Bf,-,-,-,5946,5,0,
DanSal,819514004,5,5,c,f,-,-,5941,10,0,
DanSal,819514028,5,4,r,-,-,-,5931,35,50,
DanSal,819514048,5,3,f,-,-,-,5946,0,0,
DanSal,819514062,5,2,Bf,-,-,-,5946,10,0,
DanSal,819514136,6,1,Bc,k,kf,-,5936,35,0,
DanSal,819514189,6,6,cf,-,-,-,5901,10,0,
DanSal,819514272,6,5,f,-,-,-,5891,0,0,
DanSal,819514313,5,4,f,-,-,-,5891,0,0,
DanSal,819514358,5,3,f,-,-,-,5891,0,0,
DanSal,819514400,5,2,Bc,k,b,-,5891,140,210,
DanSal,819514441,5,1,Bc,k,bc,kc,5961,520,540,Ah,Jd
DanSal,819514498,5,5,c,f,-,-,5981,10,0,
DanSal,819514593,5,4,f,-,-,-,5971,0,0,
DanSal,819514689,5,3,f,-,-,-,5971,0,0,
DanSal,819514714,5,2,Bk,f,-,-,5971,10,0,
DanSal,819514773,5,1,Bc,b,b,-,5961,130,180,
DanSal,819514813,5,5,f,-,-,-,6011,0,0,
DanSal,819514853,5,4,cf,-,-,-,6011,10,0,
DanSal,819514902,4,3,f,-,-,-,6001,0,0,
DanSal,819514921,4,2,Bf,-,-,-,6001,10,0,
DanSal,819514942,4,1,Br,b,-,-,5991,190,290,
DanSal,819514980,4,3,c,b,b,-,6091,150,210,
DanSal,819515051,4,2,Bk,f,-,-,6151,10,0,
DanSal,819515075,3,1,Bf,-,-,-,6141,5,0,
DanSal,819515081,3,3,cc,r,f,-,6136,400,0,
DanSal,819515135,3,2,B,-,-,-,5736,10,15,
DanSal,819515144,3,1,Bcc,k,b,-,5741,90,120,
DanSal,819515177,3,3,f,-,-,-,5771,0,0,
DanSal,819515185,3,2,Bf,-,-,-,5771,10,0,
DanSal,819515194,3,1,Bc,b,kf,-,5761,40,0,
DanSal,819515243,3,3,cc,k,c,k,5721,130,0,8d,7d
DanSal,819515279,4,2,Bf,-,-,-,5591,10,0,
DanSal,819515334,3,1,Bc,KQ,-,-,5581,10,0,
DanSal,819934882,3,3,f,-,-,-,7987,0,0,
DanSal,819934904,3,2,Bf,-,-,-,7987,10,0,
DanSal,819934910,3,1,Bc,kf,-,-,7977,10,0,
DanSal,819934926,3,3,f,-,-,-,7967,0,0,
DanSal,819934930,3,2,B,-,-,-,7967,10,15,
DanSal,819934937,3,1,Bf,-,-,-,7972,5,0,
DanSal,819934956,3,3,c,k,k,b,7967,35,75,Jc,8c
DanSal,819934990,3,2,Bf,-,-,-,8007,10,0,
DanSal,819935021,3,1,Bc,b,-,-,7997,30,40,
DanSal,819935037,3,3,r,k,k,f,8007,25,0,
DanSal,819935066,3,2,Bk,k,kf,-,7982,10,0,
DanSal,819935093,3,1,Br,b,-,-,7972,115,160,
DanSal,819935117,3,3,f,-,-,-,8017,0,0,
DanSal,819935123,3,2,Bk,b,-,-,8017,30,40,
DanSal,819935140,3,1,Br,b,-,-,8027,90,120,
DanSal,819935158,3,3,f,-,-,-,8057,0,0,
DanSal,819935185,3,2,Bk,b,b,-,8057,90,120,
DanSal,819935215,3,1,Bc,kf,-,-,8087,10,0,
DanSal,819935237,3,3,f,-,-,-,8077,0,0,
DanSal,819935252,3,2,B,-,-,-,8077,10,15,
DanSal,819935257,3,1,Br,b,-,-,8082,90,120,
DanSal,819935272,3,3,f,-,-,-,8112,0,0,
DanSal,819935292,3,2,Bf,-,-,-,8112,10,0,
DanSal,819935302,3,1,Br,-,-,-,8102,30,40,
DanSal,819935313,3,3,r,b,-,-,8112,140,210,
DanSal,819935332,3,2,Bk,f,-,-,8182,10,0,
DanSal,819935345,3,1,Bf,-,-,-,8172,5,0,
DanSal,819935372,3,3,f,-,-,-,8167,0,0,
DanSal,819935378,3,2,Bf,-,-,-,8167,10,0,
DanSal,819935391,3,1,Br,b,-,-,8157,130,180,
DanSal,819935414,3,3,f,-,-,-,8207,0,0,
DanSal,819935438,3,2,Bk,r,b,k,8207,270,540,Th,7s
DanSal,819935473,3,1,Br,b,b,-,8477,270,360,
DanSal,819935525,3,3,f,-,-,-,8567,0,0,
DanSal,819935538,3,2,Bc,k,k,k,8567,35,75,Ts,9h
DanSal,819935565,3,1,Bf,-,-,-,8607,5,0,
DanSal,819935586,3,3,r,f,-,-,8602,35,0,
DanSal,819935603,3,2,Bc,k,b,-,8567,140,210,
DanSal,819935628,3,1,Br,-,-,-,8637,30,40,
DanSal,819935641,3,3,r,b,-,-,8647,115,160,
DanSal,819935657,3,2,Bk,b,b,rc,8692,2430,0,7c,Qc
DanSal,819935704,3,1,Bf,-,-,-,6262,5,0,
DanSal,819935738,3,3,f,-,-,-,6257,0,0,
DanSal,819935743,3,2,Bf,-,-,-,6257,10,0,
DanSal,819935755,3,1,Bc,kf,-,-,6247,10,0,
DanSal,819935778,3,3,r,b,b,-,6237,355,480,
DanSal,819935808,3,2,Bk,kf,-,-,6362,10,0,
DanSal,819935832,4,1,Bf,-,-,-,6352,5,0,
DanSal,819935856,4,4,f,-,-,-,6347,0,0,
DanSal,819935880,4,3,r,-,-,-,6347,35,50,
DanSal,819935890,4,2,Bf,-,-,-,6362,10,0,
DanSal,819935900,4,1,Bc,kr,-,-,6352,90,140,
DanSal,819935935,4,4,f,-,-,-,6402,0,0,
DanSal,819935944,4,3,f,-,-,-,6402,0,0,
DanSal,819935958,4,2,Bc,bc,k,b,6402,1400,1890,
DanSal,819936014,4,1,Bc,kc,k,kf,6892,30,0,
DanSal,819936097,4,4,r,-,-,-,6862,45,70,
DanSal,819936135,4,3,f,-,-,-,6887,0,0,
DanSal,819936200,4,2,Bf,-,-,-,6887,10,0,
DanSal,819936216,4,1,Bf,-,-,-,6877,5,0,
DanSal,819936224,4,4,r,c,f,-,6872,140,0,
DanSal,819936268,4,3,c,r,-,-,6732,110,150,
DanSal,819936298,4,2,Bk,k,b,k,6772,40,0,9c,7h
DanSal,819936331,4,1,Bf,-,-,-,6732,5,0,
DanSal,819936349,4,4,c,b,-,-,6727,30,60,
DanSal,819936383,4,3,cc,k,kf,-,6757,45,0,
DanSal,819936411,4,2,Bk,f,-,-,6712,10,0,
DanSal,819936432,4,1,Bf,-,-,-,6702,5,0,
DanSal,819936464,4,4,c,f,-,-,6697,10,0,
DanSal,819936496,4,3,c,c,k,f,6687,40,0,
DanSal,819936531,4,2,Bc,kf,-,-,6647,35,0,
DanSal,819936554,4,1,Bcc,kf,-,-,6612,140,0,
DanSal,819936579,4,4,f,-,-,-,6472,0,0,
DanSal,819936594,4,3,f,-,-,-,6472,0,0,
DanSal,819936602,4,2,B,-,-,-,6472,10,15,
DanSal,819936609,4,1,Br,-,-,-,6477,115,160,
DanSal,819936620,4,4,f,-,-,-,6522,0,0,
DanSal,819936653,4,3,f,-,-,-,6522,0,0,
DanSal,819936677,4,2,Bk,f,-,-,6522,10,0,
DanSal,819936704,4,1,Bf,-,-,-,6512,5,0,
DanSal,819936718,4,4,f,-,-,-,6507,0,0,
DanSal,819936746,4,3,f,-,-,-,6507,0,0,
DanSal,819936768,4,2,Bk,kf,-,-,6507,10,0,
DanSal,819936787,4,1,Bf,-,-,-,6497,5,0,
DanSal,819936794,4,4,f,-,-,-,6492,0,0,
DanSal,819936806,4,3,c,f,-,-,6492,10,0,
DanSal,819936821,4,2,Br,-,-,-,6482,80,120,
DanSal,819936840,4,1,Bf,-,-,-,6522,5,0,
DanSal,819936858,4,4,f,-,-,-,6517,0,0,
DanSal,819936869,4,3,cc,k,k,k,6517,45,0,7d,6h
DanSal,819936899,4,2,Bf,-,-,-,6472,10,0,
DanSal,819936930,4,1,Bf,-,-,-,6462,5,0,
DanSal,819936955,4,4,f,-,-,-,6457,0,0,
DanSal,819936962,4,3,cc,b,-,-,6457,150,210,
DanSal,819936981,4,2,Br,-,-,-,6517,110,150,
DanSal,819936995,4,1,Bc,bf,-,-,6557,70,0,
DanSal,819937014,4,4,f,-,-,-,6487,0,0,
DanSal,819937033,4,3,f,-,-,-,6487,0,0,
DanSal,819937130,3,2,Bc,b,b,kc,6487,835,0,Qs,As
DanSal,819937226,4,1,Bc,bc,k,k,5652,130,270,Ad,8c
DanSal,819937272,4,4,r,-,-,-,5792,35,50,
DanSal,819937292,4,3,c,k,f,-,5807,10,0,
DanSal,819937336,4,2,Bc,kr,-,-,5797,335,450,
DanSal,819937366,4,1,Bf,-,-,-,5912,5,0,
DanSal,819937399,4,4,f,-,-,-,5907,0,0,
DanSal,819937421,4,3,c,b,-,-,5907,50,80,
DanSal,819937444,4,2,Bk,c,k,b,5937,90,120,
DanSal,819937481,4,1,Bc,k,kf,-,5967,10,0,
DanSal,819937527,4,4,f,-,-,-,5957,0,0,
DanSal,819937538,4,3,c,b,-,-,5957,40,60,
DanSal,819937554,4,2,Bk,b,b,-,5977,90,120,
DanSal,819937578,4,1,Br,b,kc,k,6007,595,1200,Ac,Ts
DanSal,819937640,4,4,c,c,c,b,6612,335,450,
DanSal,819937678,4,3,cc,k,f,-,6727,40,0,
DanSal,819937704,4,2,Bk,bc,kf,-,6687,130,0,
DanSal,819937740,4,1,Br,-,-,-,6557,30,40,
DanSal,819937753,4,4,f,-,-,-,6567,0,0,
DanSal,819937761,4,3,f,-,-,-,6567,0,0,
DanSal,819937776,4,2,Br,b,b,-,6567,1410,1890,
DanSal,819937870,4,1,Bf,-,-,-,7047,5,0,
DanSal,819937904,4,4,c,k,k,k,7042,10,25,Jh,Kd
DanSal,819937936,4,3,c,k,f,-,7057,10,0,
DanSal,819937966,4,2,Bc,kf,-,-,7047,35,0,
DanSal,819937990,4,1,Bf,-,-,-,7012,5,0,
DanSal,819937997,4,4,f,-,-,-,7007,0,0,
DanSal,819938013,4,3,r,-,-,-,7007,35,50,
DanSal,819938021,4,2,Bf,-,-,-,7022,10,0,
DanSal,819938034,4,1,Br,b,-,-,7012,130,180,
DanSal,819938063,4,4,f,-,-,-,7062,0,0,
DanSal,819938079,4,3,f,-,-,-,7062,0,0,
DanSal,819938089,4,2,Br,bf,-,-,7062,335,0,
DanSal,819938113,4,1,Bc,kc,k,b,6727,90,180,4c,Qc
DanSal,819938143,4,4,f,-,-,-,6817,0,0,
DanSal,819938154,4,3,rc,bf,-,-,6817,375,0,
DanSal,819938175,4,2,Bf,-,-,-,6442,10,0,
DanSal,819938182,4,1,Bc,k,k,k,6432,10,20,Qh,9d
DanSal,819938200,4,4,f,-,-,-,6442,0,0,
DanSal,819938220,4,3,f,-,-,-,6442,0,0,
DanSal,819938233,4,2,Bk,bf,-,-,6442,40,0,
DanSal,819938252,4,1,Bf,-,-,-,6402,5,0,
DanSal,819938284,4,4,c,k,f,-,6397,10,0,
DanSal,819938304,4,3,c,b,-,-,6387,50,80,
DanSal,819938321,4,2,Bk,b,b,-,6417,90,120,
DanSal,819938351,4,1,Bc,bf,-,-,6447,50,0,
DanSal,819938375,4,4,f,-,-,-,6397,0,0,
DanSal,819938391,4,3,f,-,-,-,6397,0,0,
DanSal,819938403,3,1,Bc,b,b,-,6397,270,360,
DanSal,819938425,3,1,Bf,-,-,-,6487,5,0,
DanSal,819938432,3,3,c,b,-,-,6482,35,50,
DanSal,819938446,3,2,Bf,-,-,-,6497,10,0,
DanSal,819938453,3,1,Bc,kr,-,-,6487,355,480,
DanSal,819938470,3,3,c,k,c,k,6612,35,75,9d,9h
DanSal,819938487,3,2,B,-,-,-,6652,10,15,
DanSal,819938491,3,1,Bf,-,-,-,6657,5,0,
DanSal,819938509,3,3,f,-,-,-,6652,0,0,
DanSal,819938514,3,2,Bc,k,f,-,6652,30,0,
DanSal,819938538,3,1,Bcc,bf,-,-,6622,90,0,
DanSal,819938555,3,3,f,-,-,-,6532,0,0,
DanSal,819938560,3,2,Bf,-,-,-,6532,10,0,
DanSal,819938565,3,1,Bf,-,-,-,6522,5,0,
DanSal,819938579,3,3,r,-,-,-,6517,35,50,
DanSal,819938586,3,2,Bc,bc,b,bf,6532,3035,0,
DanSal,819938645,3,1,Bf,-,-,-,3497,5,0,
DanSal,819938661,3,3,c,f,-,-,3492,10,0,
DanSal,819938674,3,2,Bk,k,f,-,3482,10,0,
DanSal,819938689,3,1,Bc,kf,-,-,3472,10,0,
DanSal,819938700,3,3,f,-,-,-,3462,0,0,
DanSal,819938703,3,2,Bf,-,-,-,3462,10,0,
DanSal,819938715,3,1,Bf,-,-,-,3452,5,0,
DanSal,819938720,3,3,f,-,-,-,3447,0,0,
DanSal,819938724,3,2,B,-,-,-,3447,10,15,
DanSal,819938728,3,1,Bc,k,k,k,3452,35,80,3d,2d
DanSal,819938746,3,3,f,-,-,-,3497,0,0,
DanSal,819938753,3,2,Bf,-,-,-,3497,10,0,
DanSal,819938759,3,1,Bc,k,b,-,3487,30,40,
DanSal,819938775,3,3,r,b,-,-,3497,110,150,
DanSal,819938787,3,2,Bk,c,c,b,3537,270,360,
DanSal,819938827,3,1,Bf,-,-,-,3627,5,0,
DanSal,819938836,3,3,c,k,k,f,3622,10,0,
DanSal,819938849,3,2,Bc,kc,k,k,3612,110,0,Jd,Qd
DanSal,819938872,3,1,Bf,-,-,-,3502,5,0,
DanSal,819938881,3,3,r,-,-,-,3497,35,50,
DanSal,819938891,3,2,B,-,-,-,3512,10,15,
DanSal,819938894,3,1,Br,b,-,-,3517,90,120,
DanSal,819938904,3,3,f,-,-,-,3547,0,0,
DanSal,819938909,3,2,B,-,-,-,3547,10,15,
DanSal,819938913,3,1,Bf,-,-,-,3552,5,0,
DanSal,819938916,3,3,f,-,-,-,3547,0,0,
DanSal,819938924,3,2,B,-,-,-,3547,10,15,
DanSal,819938927,3,1,Bc,b,-,-,3552,30,40,
DanSal,819938938,3,3,f,-,-,-,3562,0,0,
DanSal,819938954,3,2,Bk,f,-,-,3562,10,0,
DanSal,819938964,3,1,Bf,-,-,-,3552,5,0,
DanSal,819938970,3,3,r,k,b,-,3547,110,150,
DanSal,819938988,3,2,B,-,-,-,3587,10,15,
DanSal,819938991,3,1,Bc,bf,-,-,3592,115,0,
DanSal,819939006,3,3,c,f,-,-,3477,10,0,
DanSal,819939016,3,2,B,-,-,-,3467,10,15,
DanSal,819939019,3,1,Bf,-,-,-,3472,5,0,
DanSal,819939023,3,3,cc,rc,cA,-,3467,3467,0,Tc,Js
