Kevin,818402471,5,4,c,k,f,-,4480,10,0,
Kevin,818402507,5,3,f,-,-,-,4470,0,0,
Kevin,818402542,5,2,Bk,b,b,-,4470,170,240,
Kevin,818402595,5,1,Bf,-,-,-,4540,5,0,
Kevin,818402649,5,5,c,b,k,r,4535,395,560,
Kevin,818402712,5,4,c,b,-,-,4700,35,50,
Kevin,818402741,5,3,c,k,kQ,-,4715,10,0,
Kevin,818741551,8,6,c,b,-,-,5685,50,80,
Kevin,818741604,9,5,c,c,c,b,5715,460,800,
Kevin,818741722,10,5,c,k,f,-,6055,10,0,
Kevin,818741772,10,4,c,c,b,k,6045,310,720,8d,8c
Kevin,818741861,11,4,f,-,-,-,6455,0,0,
Kevin,818741916,11,3,c,kf,-,-,6455,10,0,
Kevin,818741976,11,2,Bf,-,-,-,6445,10,0,
Kevin,818742014,11,1,Bf,-,-,-,6435,5,0,
Kevin,818742079,11,11,c,c,f,-,6430,40,0,
Kevin,818742148,11,10,c,c,b,b,6390,480,660,
Kevin,818742227,10,8,c,c,f,-,6570,40,0,
Kevin,818742304,9,6,f,-,-,-,6530,0,0,
Kevin,818742387,10,6,f,-,-,-,6530,0,0,
Kevin,818742445,10,4,cc,f,-,-,6530,50,0,
Kevin,818742520,11,3,c,k,k,f,6480,10,0,
Kevin,818742581,11,2,Bk,kf,-,-,6470,10,0,
Kevin,818742622,10,1,Bf,-,-,-,6460,5,0,
Kevin,818742665,11,11,c,k,c,f,6455,80,0,
Kevin,818742747,11,10,c,c,k,k,6375,80,0,8c,7d
Kevin,818742827,12,10,c,f,-,-,6295,45,0,
Kevin,818742875,12,9,f,-,-,-,6250,0,0,
Kevin,818742929,12,8,c,c,c,f,6250,100,0,
Kevin,818742999,12,7,c,bf,-,-,6150,80,0,
Kevin,818743057,12,6,c,f,-,-,6070,10,0,
Kevin,818743107,12,5,cc,kf,-,-,6060,65,0,
Kevin,818743201,12,4,f,-,-,-,5995,0,0,
Kevin,818743315,12,3,c,b,bc,b,5995,3000,6120,3s,Ks
Kevin,818743420,12,2,Bk,kf,-,-,9115,10,0,
Kevin,818743478,12,1,Bc,kf,-,-,9105,65,0,
Kevin,818743544,12,12,f,-,-,-,9040,0,0,
Kevin,818743582,12,11,c,k,b,-,9040,80,140,
Kevin,818743651,12,10,c,f,-,-,9100,10,0,
Kevin,818743757,12,9,f,-,-,-,9090,0,0,
Kevin,818743852,12,8,f,-,-,-,9090,0,0,
Kevin,818743920,12,7,f,-,-,-,9090,0,0,
Kevin,818744004,12,6,c,k,b,f,9090,80,0,
Kevin,818744097,12,5,c,k,f,-,9010,10,0,
Kevin,818744174,12,4,f,-,-,-,9000,0,0,
Kevin,818744228,12,3,f,-,-,-,9000,0,0,
Kevin,818744305,12,2,Bk,kc,kf,-,9000,85,0,
Kevin,818744371,12,1,Bf,-,-,-,8915,5,0,
Kevin,818744446,12,12,f,-,-,-,8910,0,0,
Kevin,818744493,12,11,f,-,-,-,8910,0,0,
Kevin,818744669,12,10,f,-,-,-,8910,0,0,
Kevin,818744742,12,9,c,f,-,-,8910,55,0,
Kevin,818744817,12,8,r,bc,kc,kc,8855,5015,0,Ah,Ac
Kevin,818744931,12,7,c,kf,-,-,3840,10,0,
Kevin,818745008,12,6,f,-,-,-,3830,0,0,
Kevin,818745077,12,5,c,kc,kf,-,3830,70,0,
Kevin,818745188,12,4,c,f,-,-,3760,10,0,
Kevin,818745253,12,3,c,kcc,kf,-,3750,460,0,
Kevin,818745374,10,2,BQ,-,-,-,3290,10,0,
