Rockfish,819013294,10,2,Bf,-,-,-,4530,10,0,
Rockfish,819013368,10,1,Bc,b,bf,-,4520,170,0,
Rockfish,819013440,9,9,f,-,-,-,4350,0,0,
Rockfish,819013470,9,8,c,f,-,-,4350,10,0,
Rockfish,819013578,9,7,c,f,-,-,4340,10,0,
Rockfish,819013620,9,6,f,-,-,-,4330,0,0,
Rockfish,819013657,9,5,f,-,-,-,4330,0,0,
Rockfish,819013762,9,4,c,kf,-,-,4330,10,0,
Rockfish,819013823,9,3,cc,kf,-,-,4320,30,0,
Rockfish,819013885,9,2,Bk,kcf,-,-,4290,80,0,
Rockfish,819013949,8,1,Bc,k,kf,-,4210,10,0,
Rockfish,819014033,8,8,f,-,-,-,4200,0,0,
Rockfish,819014091,9,8,c,k,f,-,4200,10,0,
Rockfish,819014152,9,7,f,-,-,-,4190,0,0,
Rockfish,819014229,10,6,f,-,-,-,4190,0,0,
Rockfish,819014279,9,5,c,kf,-,-,4190,10,0,
Rockfish,819014348,8,3,f,-,-,-,4180,0,0,
Rockfish,819014424,8,2,Bf,-,-,-,4180,10,0,
Rockfish,819014466,8,1,Bc,kf,-,-,4170,10,0,
Rockfish,819014510,8,8,c,b,k,b,4160,215,310,
Rockfish,819014624,8,7,c,k,c,k,4255,40,90,5d,5s
Rockfish,819014683,8,6,f,-,-,-,4305,0,0,
Rockfish,819014805,9,5,c,kf,-,-,4305,10,0,
Rockfish,819014921,9,4,c,f,-,-,4295,10,0,
Rockfish,819014998,9,3,cc,k,kf,-,4285,34,0,
Rockfish,819015055,9,2,Bk,kf,-,-,4251,10,0,
Rockfish,819015108,10,1,Bc,kc,k,kf,4241,90,0,
Rockfish,819015215,11,11,c,f,Q,-,4151,25,0,
Rockfish,819015361,10,8,c,Q,-,-,4126,10,0,
Rockfish,819015483,10,6,f,-,-,-,4116,0,0,
Rockfish,819015521,10,5,c,b,-,-,4116,65,115,
Rockfish,819015578,10,4,c,kf,-,-,4166,10,0,
Rockfish,819015687,9,2,Bf,-,-,-,4156,10,0,
Rockfish,819015764,9,1,Bc,k,kf,-,4146,10,0,
Rockfish,819015812,9,9,c,k,f,-,4136,55,0,
Rockfish,819015850,9,8,f,-,-,-,4081,0,0,
Rockfish,819015906,9,7,c,k,c,k,4081,40,0,Qh,8d
Rockfish,819015974,9,6,c,kf,-,-,4041,10,0,
Rockfish,819016047,9,5,f,-,-,-,4031,0,0,
Rockfish,819016089,9,4,f,-,-,-,4031,0,0,
Rockfish,819016128,9,3,cc,kf,-,-,4031,45,0,
Rockfish,819016192,9,2,Bf,-,-,-,3986,10,0,
Rockfish,819016264,9,1,BQ,-,-,-,3976,5,0,
Rockfish,819016453,8,7,c,c,c,r,3971,1870,0,Th,Qc
Rockfish,819016571,8,6,cc,k,k,b,2101,465,780,
Rockfish,819016673,8,5,f,-,-,-,2416,0,0,
Rockfish,819016741,8,4,cf,-,-,-,2416,10,0,
Rockfish,819016801,8,3,f,-,-,-,2406,0,0,
Rockfish,819016869,8,2,Bc,kc,b,-,2406,665,1000,
Rockfish,819016942,8,1,Bf,-,-,-,2741,5,0,
Rockfish,819017019,8,8,c,f,-,-,2736,20,0,
Rockfish,819017093,8,7,f,-,-,-,2716,0,0,
Rockfish,819017159,6,4,c,cf,-,-,2716,50,0,
Rockfish,819017289,6,4,cc,f,-,-,2666,50,0,
Rockfish,819017349,7,3,cf,-,-,-,2616,10,0,
Rockfish,819017399,6,2,Bf,-,-,-,2606,10,0,
Rockfish,819017439,6,1,Bf,-,-,-,2596,5,0,
Rockfish,819017552,5,5,f,-,-,-,2591,0,0,
Rockfish,819017670,5,5,c,k,k,k,2591,10,10,Js,8h
Rockfish,819017700,5,4,cc,f,-,-,2591,60,0,
Rockfish,819017751,5,3,cf,-,-,-,2531,10,0,
Rockfish,819017769,5,2,Bc,kc,k,kf,2521,110,0,
Rockfish,819017806,5,1,Brc,b,bA,-,2411,2411,0,Js,As
