Thumper,817866200,8,6,f,-,-,-,3240,0,0,
Thumper,817866256,8,5,c,b,-,-,3240,50,80,
Thumper,817866333,8,4,c,b,bf,-,3270,110,0,
Thumper,817866391,8,3,cc,kf,-,-,3160,55,0,
Thumper,817866440,8,2,Bf,-,-,-,3105,10,0,
Thumper,817866503,8,1,Bc,kc,kc,k,3095,290,0,4d,Ac
Thumper,817866575,8,8,r,b,-,-,2805,150,210,
Thumper,817866606,8,7,c,k,f,-,2865,10,0,
Thumper,817866665,8,6,f,-,-,-,2855,0,0,
Thumper,817866720,8,5,c,kf,-,-,2855,10,0,
Thumper,817866777,8,4,c,kf,-,-,2845,10,0,
Thumper,817866820,8,3,f,-,-,-,2835,0,0,
Thumper,817866900,8,2,Bk,k,b,k,2835,55,135,
Thumper,817866949,8,1,Bc,kf,-,-,2915,10,0,
Thumper,817867076,8,8,r,c,k,f,2905,215,0,
Thumper,817867169,8,7,f,Q,-,-,2690,0,0,
