gcy,818225263,3,3,f,-,-,-,3040,0,0,
gcy,818225305,3,2,Bk,kf,-,-,3040,10,0,
gcy,818225328,3,1,Bc,k,k,k,3030,10,0,3s,Ad
gcy,818225390,4,3,f,-,-,-,3020,0,0,
gcy,818225460,4,2,Bk,k,k,k,3020,10,20,Ks,8c
gcy,818225494,4,1,Bf,-,-,-,3030,5,0,
gcy,818225505,4,4,c,f,-,-,3025,35,0,
gcy,818225597,4,3,f,-,-,-,2990,0,0,
gcy,818225644,4,2,Bk,kf,-,-,2990,10,0,
gcy,818225715,3,1,Bf,-,-,-,2980,5,0,
gcy,818225719,3,3,c,b,-,-,2975,40,60,
gcy,818225750,3,2,Bk,kc,k,b,2995,110,150,
gcy,818225809,4,1,Bf,-,-,-,3035,5,0,
gcy,818225847,4,4,c,c,k,b,3030,130,180,
gcy,818225919,6,3,cc,k,b,-,3080,150,210,
gcy,818225947,6,2,Bc,k,bf,-,3140,70,0,
gcy,818226012,6,1,Bc,kf,-,-,3070,10,0,
gcy,818226062,6,6,c,k,c,k,3060,35,75,8s,9d
gcy,818226094,6,5,f,-,-,-,3100,0,0,
gcy,818226152,6,4,Q,-,-,-,3100,0,0,
