sager[6],819011676,8,7,f,-,-,-,3010,0,0,
sager[6],819011712,7,5,f,-,-,-,3010,0,0,
sager[6],819011750,7,4,f,-,-,-,3010,0,0,
sager[6],819011819,7,3,f,-,Q,-,3010,0,0,
sager[6],819012089,8,7,f,-,-,-,3010,0,0,
sager[6],819012131,8,6,cc,kf,-,-,3010,30,0,
sager[6],819012179,8,5,f,-,-,-,2980,0,0,
sager[6],819012264,8,4,f,-,-,-,2980,0,0,
sager[6],819012324,8,3,f,-,-,-,2980,0,0,
sager[6],819012417,7,2,Bf,-,-,-,2980,10,0,
sager[6],819012443,8,1,Bf,-,-,-,2970,5,0,
sager[6],819012494,8,8,f,-,-,-,2965,0,0,
sager[6],819012540,8,7,f,-,-,-,2965,0,0,
sager[6],819012627,8,6,c,b,b,-,2965,290,420,
sager[6],819012723,8,5,cc,kf,-,-,3095,30,0,
sager[6],819012777,8,4,f,-,-,-,3065,0,0,
sager[6],819012849,9,3,c,f,-,-,3065,10,0,
sager[6],819012907,9,2,Bc,k,c,k,3055,225,0,Jh,8h
sager[6],819013029,8,1,Bf,-,-,-,2830,5,0,
sager[6],819013102,8,8,c,f,-,-,2825,10,0,
sager[6],819013174,8,7,f,-,-,-,2815,0,0,
sager[6],819013224,8,6,f,-,-,-,2815,0,0,
sager[6],819013294,10,6,f,-,-,-,2815,0,0,
sager[6],819013368,10,5,c,c,r,-,2815,530,720,
sager[6],819013440,9,3,fQ,-,-,-,3005,0,0,
