hawaiiboy,818793075,4,3,c,bc,c,c,10017,1410,2835,Ts,Kd
hawaiiboy,818793101,4,2,Br,k,k,b,11442,110,150,
hawaiiboy,818793128,4,1,Br,-,-,-,11482,30,40,
hawaiiboy,818793134,4,4,f,-,-,-,11492,0,0,
hawaiiboy,818793136,4,3,f,-,-,-,11492,0,0,
hawaiiboy,818793162,4,2,Bk,k,f,-,11492,10,0,
hawaiiboy,818793192,4,1,Bf,-,-,-,11482,5,0,
hawaiiboy,818793201,4,4,f,-,-,-,11477,0,0,
hawaiiboy,818793231,4,3,c,k,k,k,11477,10,12,5h,Kh
hawaiiboy,818793259,4,2,Bf,-,-,-,11479,10,0,
hawaiiboy,818793271,4,1,Br,-,-,-,11469,30,40,
hawaiiboy,818793278,4,4,f,-,-,-,11479,0,0,
hawaiiboy,818793293,4,3,c,f,-,-,11479,10,0,
hawaiiboy,818793310,4,2,Bk,bc,kc,kc,11469,296,0,Js,9c
hawaiiboy,818793350,4,1,Bf,-,-,-,11173,5,0,
hawaiiboy,818793366,4,4,c,f,-,-,11168,10,0,
hawaiiboy,818793385,4,3,r,r,b,-,11158,1010,1350,
hawaiiboy,818793408,4,2,B,-,-,-,11498,10,15,
hawaiiboy,818793413,4,1,Bf,-,-,-,11503,5,0,
hawaiiboy,818793420,4,4,r,-,-,-,11498,35,50,
hawaiiboy,818793426,4,3,f,-,-,-,11513,0,0,
hawaiiboy,818793452,4,2,Bf,-,-,-,11513,10,0,
hawaiiboy,818793471,4,1,Bf,-,-,-,11503,5,0,
hawaiiboy,818793488,4,4,r,-,-,-,11498,35,50,
hawaiiboy,818793503,4,3,c,k,k,k,11513,10,25,2c,2h
hawaiiboy,818793522,4,2,Bc,kf,-,-,11528,35,0,
hawaiiboy,818793543,4,1,Bf,-,-,-,11493,5,0,
hawaiiboy,818793554,4,4,c,k,f,-,11488,10,0,
hawaiiboy,818793578,4,3,Q,-,-,-,11478,0,0,
hawaiiboy,818793616,5,4,f,-,-,-,11478,0,0,
hawaiiboy,818793635,5,3,f,-,-,-,11478,0,0,
hawaiiboy,818793659,5,2,Bf,-,-,-,11478,10,0,
hawaiiboy,818793676,5,1,Bcc,kf,-,-,11468,50,0,
hawaiiboy,818793794,6,6,f,-,-,-,11418,0,0,
hawaiiboy,818793852,6,5,f,-,-,-,11418,0,0,
hawaiiboy,818793903,6,5,f,-,-,-,11418,0,0,
hawaiiboy,818793956,5,3,c,b,-,-,11418,45,70,
hawaiiboy,818793974,5,2,Bf,-,-,-,11443,10,0,
hawaiiboy,818793994,5,1,Bc,b,-,-,11433,40,60,
hawaiiboy,818794024,5,5,r,k,k,k,11453,35,0,Qc,Kc
hawaiiboy,818794053,5,4,f,-,-,-,11418,0,0,
hawaiiboy,818794077,5,3,cc,k,f,-,11418,45,0,
hawaiiboy,818794109,5,2,Bf,-,-,-,11373,10,0,
hawaiiboy,818794116,5,1,Bf,-,-,-,11363,5,0,
hawaiiboy,818794131,5,5,c,b,-,-,11358,40,60,
hawaiiboy,818794157,5,4,f,-,-,-,11378,0,0,
hawaiiboy,818794173,4,2,c,c,r,-,11378,270,360,
hawaiiboy,818794196,4,2,Bc,kf,-,-,11468,35,0,
hawaiiboy,818794207,4,1,Bf,-,-,-,11433,5,0,
hawaiiboy,818794234,5,5,f,-,-,-,11428,0,0,
hawaiiboy,818794258,5,4,f,-,-,-,11428,0,0,
hawaiiboy,818794297,5,3,f,-,-,-,11428,0,0,
hawaiiboy,818794314,5,2,Bf,-,-,-,11428,10,0,
hawaiiboy,818794343,5,1,Bf,-,-,-,11418,5,0,
hawaiiboy,818794353,5,5,r,b,b,-,11413,560,840,
hawaiiboy,818794396,5,4,f,-,-,-,11693,0,0,
hawaiiboy,818794404,5,3,f,-,-,-,11693,0,0,
hawaiiboy,818794428,5,2,Bf,-,-,-,11693,10,0,
hawaiiboy,818794470,5,1,Bf,-,-,-,11683,5,0,
hawaiiboy,818794491,5,5,c,b,b,-,11678,130,180,
hawaiiboy,818794528,5,4,f,-,-,-,11728,0,0,
hawaiiboy,818794551,6,3,f,-,-,-,11728,0,0,
hawaiiboy,818794650,6,2,Bf,-,-,-,11728,10,0,
hawaiiboy,818794675,6,1,Brc,k,k,k,11718,70,140,9d,Ts
hawaiiboy,818794787,5,5,c,k,k,k,11788,10,0,4h,8h
hawaiiboy,818794816,5,4,f,-,-,-,11778,0,0,
hawaiiboy,818794825,5,3,rc,kf,-,-,11778,120,0,
hawaiiboy,818794867,5,2,Bf,-,-,-,11658,10,0,
hawaiiboy,818794895,5,1,Bf,-,-,-,11648,5,0,
hawaiiboy,818794908,4,4,c,f,-,-,11643,10,0,
hawaiiboy,818794936,4,4,r,b,-,-,11633,115,160,
hawaiiboy,818794954,4,3,f,-,-,-,11678,0,0,
hawaiiboy,818794963,4,2,B,-,-,-,11678,10,15,
hawaiiboy,818794973,4,1,Bc,kf,-,-,11683,35,0,
hawaiiboy,818794988,4,4,c,f,-,-,11648,10,0,
hawaiiboy,818795010,3,3,f,-,-,-,11638,0,0,
hawaiiboy,818795020,3,2,Bc,kc,k,k,11638,110,225,As,8s
hawaiiboy,818795033,3,1,Bf,-,-,-,11753,5,0,
hawaiiboy,818795042,3,3,f,-,-,-,11748,0,0,
hawaiiboy,818795048,3,2,B,-,-,-,11748,10,15,
hawaiiboy,818795061,3,1,Bcc,kc,kc,b,11753,1600,3240,4c,4h
hawaiiboy,818795093,3,3,f,-,-,-,13393,0,0,
hawaiiboy,818795101,3,2,B,-,-,-,13393,10,15,
hawaiiboy,818795106,3,1,Bf,-,-,-,13398,5,0,
hawaiiboy,818795110,3,3,f,-,-,-,13393,0,0,
hawaiiboy,818795129,3,2,Bc,k,kf,-,13393,35,0,
hawaiiboy,818795145,3,1,Bf,-,-,-,13358,5,0,
hawaiiboy,818795156,3,3,f,-,-,-,13353,0,0,
hawaiiboy,818795163,3,2,B,-,-,-,13353,10,15,
hawaiiboy,818795169,3,1,Br,-,-,-,13358,30,40,
hawaiiboy,818795173,3,3,f,-,-,-,13368,0,0,
hawaiiboy,818795184,3,2,Bf,-,-,-,13368,10,0,
hawaiiboy,818795203,3,1,Bc,k,k,k,13358,10,0,Ts,9d
hawaiiboy,818795225,3,3,r,-,-,-,13348,35,50,
hawaiiboy,818795231,3,2,Bc,c,c,c,13363,810,1620,9c,Qc
hawaiiboy,818795252,3,1,Bf,-,-,-,14173,5,0,
hawaiiboy,818795258,3,3,f,-,-,-,14168,0,0,
hawaiiboy,818795261,3,2,Bf,-,-,-,14168,10,0,
hawaiiboy,818795270,3,1,Bc,kf,-,-,14158,10,0,
hawaiiboy,818795286,3,3,r,-,-,-,14148,35,50,
hawaiiboy,818795304,3,2,Bk,f,-,-,14163,10,0,
hawaiiboy,818795314,3,1,Bf,-,-,-,14153,5,0,
hawaiiboy,818795335,3,3,f,-,-,-,14148,0,0,
hawaiiboy,818795343,3,2,Bc,k,b,k,14148,90,0,7d,9d
hawaiiboy,818795372,3,1,Bf,-,-,-,14058,5,0,
hawaiiboy,818795392,3,3,f,-,-,-,14053,0,0,
hawaiiboy,818795397,3,2,Bf,-,-,-,14053,10,0,
hawaiiboy,818795414,3,1,Bf,-,-,-,14043,5,0,
hawaiiboy,818795430,3,3,f,-,-,-,14038,0,0,
hawaiiboy,818795481,3,2,B,-,-,-,14038,10,15,
hawaiiboy,818795484,3,1,Br,-,-,-,14043,30,40,
hawaiiboy,818795488,3,3,f,-,-,-,14053,0,0,
hawaiiboy,818795495,3,2,Bc,kf,-,-,14053,35,0,
hawaiiboy,818795510,3,1,Br,-,-,-,14018,30,40,
hawaiiboy,818795523,3,3,f,-,-,-,14028,0,0,
hawaiiboy,818795526,3,2,Br,-,-,-,14028,110,150,
hawaiiboy,818795535,3,1,Bf,-,-,-,14068,5,0,
hawaiiboy,818795551,3,3,c,k,b,-,14063,35,50,
hawaiiboy,818795555,3,2,Br,b,-,-,14078,560,840,
hawaiiboy,818795603,3,1,Br,-,-,-,14358,30,40,
hawaiiboy,818795609,3,3,r,b,-,-,14368,115,160,
hawaiiboy,818795618,3,2,B,-,-,-,14413,10,15,
hawaiiboy,818795622,3,1,Bf,-,-,-,14418,5,0,
hawaiiboy,818795636,3,3,f,-,-,-,14413,0,0,
hawaiiboy,818795640,3,2,Bf,-,-,-,14413,10,0,
hawaiiboy,818795649,3,1,Bf,-,-,-,14403,5,0,
hawaiiboy,818795654,3,3,f,-,-,-,14398,0,0,
hawaiiboy,818795674,3,2,Bf,-,-,-,14398,10,0,
hawaiiboy,818795686,3,1,Bc,k,k,k,14388,10,0,9d,Js
hawaiiboy,818795725,3,3,c,-,-,-,14378,10,25,
hawaiiboy,818795733,3,2,Bc,kf,-,-,14393,35,0,
hawaiiboy,818795752,3,1,Bf,-,-,-,14358,5,0,
hawaiiboy,818795756,3,3,f,-,-,-,14353,0,0,
hawaiiboy,818795759,3,2,B,-,-,-,14353,10,15,
hawaiiboy,818795764,3,1,Bf,-,-,-,14358,5,0,
hawaiiboy,818795768,3,3,f,-,-,-,14353,0,0,
hawaiiboy,818795773,3,2,Bc,c,k,b,14353,270,360,
hawaiiboy,818795799,3,1,Br,bc,k,k,14443,270,540,8h,Ac
hawaiiboy,818795820,3,3,r,-,-,-,14713,35,50,
hawaiiboy,818795826,3,2,B,-,-,-,14728,10,15,
hawaiiboy,818795830,3,1,Bf,-,-,-,14733,5,0,
hawaiiboy,818795834,3,3,f,-,-,-,14728,0,0,
hawaiiboy,818795836,3,2,B,-,-,-,14728,10,15,
hawaiiboy,818795842,3,1,Bf,-,-,-,14733,5,0,
hawaiiboy,818795846,3,3,f,-,-,-,14728,0,0,
hawaiiboy,818795864,3,2,B,-,-,-,14728,10,15,
hawaiiboy,818795867,3,1,Bc,kf,-,-,14733,10,0,
hawaiiboy,818795884,3,3,r,bf,-,-,14723,115,0,
hawaiiboy,818795901,3,2,Bf,-,-,-,14608,10,0,
hawaiiboy,818795911,3,1,Bf,-,-,-,14598,5,0,
hawaiiboy,818795921,3,3,f,-,-,-,14593,0,0,
hawaiiboy,818795930,3,2,B,-,-,-,14593,10,15,
hawaiiboy,818795932,3,1,Bf,-,-,-,14598,5,0,
hawaiiboy,818795941,3,3,f,-,-,-,14593,0,0,
hawaiiboy,818795944,3,2,Bf,-,-,-,14593,10,0,
hawaiiboy,818795952,3,1,Bf,-,-,-,14583,5,0,
hawaiiboy,818795964,3,3,f,-,-,-,14578,0,0,
hawaiiboy,818795977,3,2,B,-,-,-,14578,10,15,
hawaiiboy,818795981,3,1,Bf,-,-,-,14583,5,0,
hawaiiboy,818795987,3,3,c,c,c,k,14578,110,0,6d,7d
hawaiiboy,818796005,3,2,B,-,-,-,14468,10,15,
hawaiiboy,818796046,3,1,Bf,-,-,-,14473,5,0,
hawaiiboy,818796050,3,3,r,-,-,-,14468,35,50,
hawaiiboy,818796057,3,2,Bk,f,-,-,14483,10,0,
hawaiiboy,818796067,3,1,Bf,-,-,-,14473,5,0,
hawaiiboy,818796100,3,3,f,-,-,-,14468,0,0,
hawaiiboy,818796106,3,2,Bc,k,k,f,14468,35,0,
hawaiiboy,818796143,3,1,Bf,-,-,-,14433,5,0,
hawaiiboy,818796151,3,3,c,k,f,-,14428,10,0,
hawaiiboy,818796168,3,2,B,-,-,-,14418,10,15,
hawaiiboy,818796180,3,1,Bf,-,-,-,14423,5,0,
hawaiiboy,818796195,3,3,f,-,-,-,14418,0,0,
hawaiiboy,818796213,3,2,B,-,-,-,14418,10,15,
hawaiiboy,818796217,3,1,Bc,kf,-,-,14423,35,0,
hawaiiboy,818796239,3,3,f,-,-,-,14388,0,0,
hawaiiboy,818796251,3,2,B,-,-,-,14388,10,15,
hawaiiboy,818796254,3,1,Br,k,kf,-,14393,30,0,
hawaiiboy,818796271,3,3,f,-,-,-,14363,0,0,
hawaiiboy,818796274,3,2,B,-,-,-,14363,10,15,
hawaiiboy,818796279,3,1,Bf,-,-,-,14368,5,0,
hawaiiboy,818796283,3,3,f,-,-,-,14363,0,0,
hawaiiboy,818796285,3,2,Bk,k,k,f,14363,10,0,
hawaiiboy,818796297,3,1,Bc,k,kf,-,14353,10,0,
hawaiiboy,818796332,3,3,f,-,-,-,14343,0,0,
hawaiiboy,818796345,3,2,Bf,-,-,-,14343,10,0,
hawaiiboy,818796377,3,1,Bf,-,-,-,14333,5,0,
hawaiiboy,818796388,3,3,f,-,-,-,14328,0,0,
hawaiiboy,818796395,3,2,B,-,-,-,14328,10,15,
hawaiiboy,818796399,3,1,Bf,-,-,-,14333,5,0,
hawaiiboy,818796412,3,3,r,k,k,f,14328,35,0,
hawaiiboy,818796443,3,2,B,-,-,-,14293,10,15,
hawaiiboy,818796447,3,1,Bf,-,-,-,14298,5,0,
hawaiiboy,818796468,3,3,f,-,-,-,14293,0,0,
hawaiiboy,818796470,3,2,Bk,b,k,f,14293,30,0,
hawaiiboy,818796487,3,1,Bcc,kf,-,-,14263,30,0,
hawaiiboy,818796499,3,3,c,k,k,k,14233,10,25,Jd,Ks
hawaiiboy,818796516,3,2,Bf,-,-,-,14248,10,0,
hawaiiboy,818796518,3,1,Bf,-,-,-,14238,5,0,
hawaiiboy,818796521,3,3,f,-,-,-,14233,0,0,
hawaiiboy,818796536,3,2,Bf,-,-,-,14233,10,0,
hawaiiboy,818796585,3,1,Bc,bc,kc,kc,14223,1210,0,8c,8d
hawaiiboy,818796620,3,3,f,-,-,-,13013,0,0,
hawaiiboy,818796653,3,2,Bf,-,-,-,13013,10,0,
hawaiiboy,818796660,3,1,Bf,-,-,-,13003,5,0,
hawaiiboy,818796673,3,3,f,-,-,-,12998,0,0,
hawaiiboy,818796695,3,2,B,-,-,-,12998,10,15,
hawaiiboy,818796710,3,1,Br,-,-,-,13003,30,40,
hawaiiboy,818796714,3,3,r,-,-,-,13013,35,50,
hawaiiboy,818796719,3,2,Bf,-,-,-,13028,10,0,
hawaiiboy,818796724,3,1,Bc,kf,-,-,13018,10,0,
hawaiiboy,818796738,3,3,c,f,-,-,13008,10,0,
hawaiiboy,818796752,3,2,B,-,-,-,12998,10,15,
hawaiiboy,818796761,3,1,Bc,k,k,k,13003,10,0,8c,5c
hawaiiboy,818796800,3,3,f,-,-,-,12993,0,0,
hawaiiboy,818796803,3,2,Bk,f,-,-,12993,10,0,
hawaiiboy,818796816,3,1,Bf,-,-,-,12983,5,0,
hawaiiboy,818796848,3,3,f,-,-,-,12978,0,0,
hawaiiboy,818796855,3,2,Bc,kc,k,f,12978,140,0,
hawaiiboy,818796897,3,1,Brc,kc,b,-,12838,810,1080,
hawaiiboy,818796947,3,3,f,-,-,-,13108,0,0,
hawaiiboy,818796948,3,2,B,-,-,-,13108,10,15,
hawaiiboy,818796950,3,1,Bf,-,-,-,13113,5,0,
hawaiiboy,818796962,3,3,f,-,-,-,13108,0,0,
hawaiiboy,818796967,3,2,B,-,-,-,13108,10,15,
hawaiiboy,818796979,3,1,Bf,-,-,-,13113,5,0,
hawaiiboy,818796989,3,3,f,-,-,-,13108,0,0,
hawaiiboy,818797037,3,2,B,-,-,-,13108,10,15,
hawaiiboy,818797042,3,1,Bf,-,-,-,13113,5,0,
hawaiiboy,818797061,3,3,f,-,-,-,13108,0,0,
hawaiiboy,818797064,3,2,Bk,k,k,k,13108,10,0,3c,8h
hawaiiboy,818797075,3,1,Bf,-,-,-,13098,5,0,
hawaiiboy,818797104,3,3,f,-,-,-,13093,0,0,
hawaiiboy,818797108,3,2,Bf,-,-,-,13093,10,0,
hawaiiboy,818797117,3,1,Br,bf,-,-,13083,90,0,
hawaiiboy,818797134,3,3,f,-,-,-,12993,0,0,
hawaiiboy,818797137,3,2,B,-,-,-,12993,10,15,
hawaiiboy,818797143,3,1,Bf,-,-,-,12998,5,0,
hawaiiboy,818797146,3,3,f,-,-,-,12993,0,0,
hawaiiboy,818797153,3,2,Bc,f,-,-,12993,30,0,
hawaiiboy,818797161,3,1,Bf,-,-,-,12963,5,0,
hawaiiboy,818797166,3,3,f,-,-,-,12958,0,0,
hawaiiboy,818797169,3,2,Bf,-,-,-,12958,10,0,
hawaiiboy,818797174,3,1,Bc,kf,-,-,12948,35,0,
hawaiiboy,818797184,3,3,f,-,-,-,12913,0,0,
hawaiiboy,818797189,3,2,Bc,kQ,-,-,12913,35,75,
hawaiiboy,819498128,3,3,f,-,-,-,12773,0,0,
hawaiiboy,819498158,3,2,Bk,f,-,-,12773,10,0,
hawaiiboy,819498239,3,1,Br,-,-,-,12763,30,40,
hawaiiboy,819498260,3,3,f,-,-,-,12773,0,0,
hawaiiboy,819498267,3,2,Bk,bc,kf,-,12773,130,0,
hawaiiboy,819498306,3,1,Bc,b,-,-,12643,30,40,
hawaiiboy,819498323,3,3,f,-,-,-,12653,0,0,
hawaiiboy,819498330,3,2,Bf,-,-,-,12653,10,0,
hawaiiboy,819498349,3,1,Bf,-,-,-,12643,5,0,
hawaiiboy,819498391,3,3,c,k,k,k,12638,10,0,9h,5h
hawaiiboy,819498446,3,2,Bc,k,k,k,12628,30,0,9c,8c
hawaiiboy,819498481,3,1,Bf,-,-,-,12598,5,0,
hawaiiboy,819498540,3,3,f,-,-,-,12593,0,0,
hawaiiboy,819498573,3,2,B,-,-,-,12593,10,15,
hawaiiboy,819498581,3,1,Bc,k,k,k,12598,35,0,Jh,8h
hawaiiboy,819498619,3,3,f,-,-,-,12563,0,0,
hawaiiboy,819498646,3,2,Bf,-,-,-,12563,10,0,
hawaiiboy,819498657,3,1,Bc,kf,-,-,12553,35,0,
hawaiiboy,819498705,3,3,f,-,-,-,12518,0,0,
hawaiiboy,819498743,3,2,Bf,-,-,-,12518,10,0,
hawaiiboy,819498751,3,1,Bf,-,-,-,12508,5,0,
hawaiiboy,819498772,3,3,rc,k,c,b,12503,1075,2160,Ks,Kh
hawaiiboy,819498830,3,2,Bf,-,-,-,13588,10,0,
hawaiiboy,819498841,3,1,Bf,-,-,-,13578,5,0,
hawaiiboy,819498847,3,3,r,k,f,-,13573,35,0,
hawaiiboy,819498866,3,2,Bk,k,k,kf,13538,10,0,
hawaiiboy,819498916,3,1,Bf,-,-,-,13528,5,0,
hawaiiboy,819498922,3,3,c,f,-,-,13523,10,0,
hawaiiboy,819498946,3,2,Bc,c,c,c,13513,810,0,8s,Jc
hawaiiboy,819498969,3,1,Bc,k,b,-,12703,115,160,
hawaiiboy,819498990,3,3,f,-,-,-,12748,0,0,
hawaiiboy,819499024,3,2,Bk,kc,kf,-,12748,35,0,
hawaiiboy,819499046,3,1,Bc,bc,kf,-,12713,455,0,
hawaiiboy,819499073,3,3,f,-,-,-,12258,0,0,
hawaiiboy,819499098,3,2,Bc,f,-,-,12258,30,0,
hawaiiboy,819499115,3,1,Bf,-,-,-,12228,5,0,
hawaiiboy,819499142,3,3,f,-,-,-,12223,0,0,
hawaiiboy,819499190,3,2,Bf,-,-,-,12223,10,0,
hawaiiboy,819499200,3,1,Bf,-,-,-,12213,5,0,
hawaiiboy,819499208,3,3,r,f,-,-,12208,35,0,
hawaiiboy,819499233,3,2,Bc,r,-,-,12173,270,360,
hawaiiboy,819499251,3,1,Bc,kc,k,k,12263,115,240,9d,Ks
hawaiiboy,819499291,4,3,c,b,k,k,12388,45,0,Jc,Kc
hawaiiboy,819499338,4,2,Bf,-,-,-,12343,10,0,
hawaiiboy,819499370,4,1,Bc,kf,-,-,12333,10,0,
hawaiiboy,819499422,4,4,c,c,f,-,12323,120,0,
hawaiiboy,819499444,4,3,f,-,-,-,12203,0,0,
hawaiiboy,819499464,4,2,Bf,-,-,-,12203,10,0,
hawaiiboy,819499492,4,1,Bf,-,-,-,12193,5,0,
hawaiiboy,819499504,4,4,cc,k,f,-,12188,475,0,
hawaiiboy,819499553,4,3,f,-,-,-,11713,0,0,
hawaiiboy,819499563,4,2,Bf,-,-,-,11713,10,0,
hawaiiboy,819499595,4,1,Bf,-,-,-,11703,5,0,
hawaiiboy,819499623,4,4,f,-,-,-,11698,0,0,
hawaiiboy,819499638,4,3,cc,k,k,k,11698,40,90,6d,5s
hawaiiboy,819499710,4,2,Bf,-,-,-,11748,10,0,
hawaiiboy,819499721,4,1,Bf,-,-,-,11738,5,0,
hawaiiboy,819499750,4,4,c,c,c,b,11733,1465,2970,Tc,2c
hawaiiboy,819499846,3,2,B,-,-,-,13238,10,15,
hawaiiboy,819499868,3,1,Br,-,-,-,13243,30,40,
hawaiiboy,819499883,4,4,f,-,-,-,13253,0,0,
hawaiiboy,819499908,4,3,f,-,-,-,13253,0,0,
hawaiiboy,819499939,4,2,Bf,-,-,-,13253,10,0,
hawaiiboy,819499949,4,1,Bc,k,k,kr,13243,130,180,
hawaiiboy,819500018,3,3,rc,f,-,-,13293,110,0,
hawaiiboy,819500037,3,2,Bc,kf,-,-,13183,35,0,
hawaiiboy,819500051,4,1,Bf,-,-,-,13148,5,0,
hawaiiboy,819500060,4,4,f,-,-,-,13143,0,0,
hawaiiboy,819500067,4,3,f,-,-,-,13143,0,0,
hawaiiboy,819500109,4,2,Bk,k,k,k,13143,10,0,9s,9c
hawaiiboy,819500157,4,1,Bc,k,k,k,13133,35,0,Qh,9d
hawaiiboy,819500187,4,4,f,-,-,-,13098,0,0,
hawaiiboy,819500195,4,3,f,-,-,-,13098,0,0,
hawaiiboy,819500216,4,2,Bc,f,-,-,13098,30,0,
hawaiiboy,819500228,4,1,Br,b,-,-,13068,355,480,
hawaiiboy,819500247,4,4,r,-,-,-,13193,35,50,
hawaiiboy,819500259,4,3,c,b,k,f,13208,35,0,
hawaiiboy,819500283,4,2,Bk,kf,-,-,13173,10,0,
hawaiiboy,819500305,4,1,Bc,kf,-,-,13163,35,0,
hawaiiboy,819500324,4,4,c,b,-,-,13128,145,220,
hawaiiboy,819500347,4,3,f,-,-,-,13203,0,0,
hawaiiboy,819500351,4,2,Bk,kc,kc,kc,13203,400,810,2d,3c
hawaiiboy,819500392,4,1,Bf,-,-,-,13613,5,0,
hawaiiboy,819500432,4,4,c,c,b,k,13608,610,0,Qc,Kc
hawaiiboy,819500467,4,3,f,-,-,-,12998,0,0,
hawaiiboy,819500497,4,2,Bk,b,-,-,12998,50,80,
hawaiiboy,819500518,4,1,Bf,-,-,-,13028,5,0,
hawaiiboy,819500552,4,4,r,-,-,-,13023,35,50,
hawaiiboy,819500566,4,3,f,-,-,-,13038,0,0,
hawaiiboy,819500588,4,2,Bc,c,b,k,13038,640,1440,8c,2c
hawaiiboy,819500675,4,1,Bf,-,-,-,13838,5,0,
hawaiiboy,819500764,4,4,c,f,-,-,13833,35,0,
hawaiiboy,819500795,4,3,f,-,-,-,13798,0,0,
hawaiiboy,819500835,4,2,Bk,k,b,-,13798,40,60,
hawaiiboy,819500870,4,1,Bc,kf,-,-,13818,10,0,
hawaiiboy,819500914,4,4,c,c,c,c,13808,1140,0,Ah,5h
hawaiiboy,819500932,4,3,c,c,f,-,12668,35,0,
hawaiiboy,819501137,3,2,Bc,f,-,-,12633,35,0,
hawaiiboy,819501163,3,1,Bc,kc,k,k,12598,115,240,9h,As
hawaiiboy,819501189,3,3,f,-,-,-,12723,0,0,
hawaiiboy,819501203,3,2,Bf,-,-,-,12723,10,0,
hawaiiboy,819501219,3,1,Bf,-,-,-,12713,5,0,
hawaiiboy,819501238,3,3,r,brc,-,-,12708,3043,0,Kc,Tc
hawaiiboy,819501288,3,2,Bc,c,f,-,9665,90,0,
hawaiiboy,819501313,3,1,Bcc,kf,-,-,9575,140,0,
hawaiiboy,819501347,3,3,c,f,-,-,9435,10,0,
hawaiiboy,819501366,3,2,Bf,-,-,-,9425,10,0,
hawaiiboy,819501383,3,1,Bf,-,-,-,9415,5,0,
hawaiiboy,819501396,3,3,Q,-,-,-,9410,0,0,
