tgp,817865686,5,2,Bk,kf,-,-,8316,10,0,
tgp,817865757,6,1,Bc,kf,-,-,8306,10,0,
tgp,817865801,5,5,f,-,-,-,8296,0,0,
tgp,817865836,5,4,fQ,-,-,-,8296,0,0,
tgp,819059642,6,4,KQ,-,-,-,8296,0,0,
tgp,819059762,6,2,Bk,k,k,kf,8296,10,0,
tgp,819059815,6,1,Bcf,-,-,-,8286,10,0,
tgp,819059836,6,6,f,-,-,-,8276,0,0,
tgp,819059849,6,5,f,-,-,-,8276,0,0,
tgp,819059890,6,4,f,-,-,-,8276,0,0,
tgp,819059913,6,3,f,-,-,-,8276,0,0,
tgp,819059942,6,2,Bk,k,k,k,8276,10,0,9h,2d
tgp,819059980,6,1,Br,b,-,-,8266,355,480,
tgp,819060013,5,5,c,k,c,c,8391,130,0,6s,6d
tgp,819060079,5,4,f,-,-,-,8261,0,0,
tgp,819060131,5,3,c,c,c,b,8261,370,0,Kd,Ks
tgp,819060194,5,2,Bk,k,kf,-,7891,10,0,
tgp,819060227,5,1,Bf,-,-,-,7881,5,0,
tgp,819060253,5,5,f,-,-,-,7876,0,0,
tgp,819060281,5,4,f,-,-,-,7876,0,0,
tgp,819060288,5,3,c,k,f,-,7876,10,0,
tgp,819060321,4,2,Bk,k,kc,kr,7866,335,0,9c,4d
tgp,819060375,4,1,BQ,-,-,-,7531,5,0,
