Timmy,817886405,10,5,f,-,-,-,7748,0,0,
Timmy,817886458,11,4,f,-,-,-,7748,0,0,
Timmy,817886508,11,3,cc,kc,k,b,7748,860,1925,8h,5h
Timmy,817886634,12,2,Bk,kf,-,-,8813,10,0,
Timmy,817886701,12,1,Bc,kc,kf,-,8803,60,0,
Timmy,817886812,11,11,f,-,-,-,8743,0,0,
Timmy,817886864,12,11,c,f,-,-,8743,10,0,
Timmy,817886947,12,10,cf,-,-,-,8733,35,0,
Timmy,817887057,12,9,f,-,-,-,8698,0,0,
Timmy,817887123,12,8,f,-,Q,-,8698,0,0,
Timmy,817887372,12,6,f,-,-,-,8698,0,0,
Timmy,817887440,12,5,f,-,-,-,8698,0,0,
Timmy,817887517,12,4,r,b,-,-,8698,120,170,
Timmy,817887559,12,3,f,-,-,-,8748,0,0,
Timmy,817887625,12,2,Bc,kc,kcf,-,8748,1405,0,
Timmy,817887942,12,1,Bf,-,-,-,7343,5,0,
Timmy,817888027,12,12,f,-,-,-,7338,0,0,
Timmy,817888151,12,12,f,-,-,-,7338,0,0,
Timmy,817888260,10,9,Q,-,-,-,7338,0,0,
Timmy,818052929,6,5,c,b,-,-,7338,35,50,
Timmy,818052961,6,4,c,kf,-,-,7353,10,0,
Timmy,818053016,6,3,c,b,k,f,7343,40,0,
Timmy,818053090,6,2,Bk,c,b,b,7303,270,360,
Timmy,818053152,6,1,Bc,k,k,b,7393,30,40,
Timmy,818053201,7,7,f,-,-,-,7403,0,0,
Timmy,818053250,6,5,c,b,-,-,7403,65,110,
Timmy,818053297,7,4,cf,-,-,-,7448,10,0,
Timmy,818053348,6,2,Bk,kf,-,-,7438,10,0,
Timmy,818053448,8,1,Bc,kr,b,-,7428,1075,1440,
Timmy,818053513,8,8,c,c,c,r,7793,1210,2430,Kh,3h
Timmy,818053570,8,7,c,k,k,k,9013,10,0,9c,Qh
Timmy,818053645,9,7,c,f,-,-,9003,10,0,
Timmy,818053712,9,6,f,-,-,-,8993,0,0,
Timmy,818053783,8,4,f,-,-,-,8993,0,0,
Timmy,818053821,8,3,f,-,-,-,8993,0,0,
Timmy,818053870,8,2,Bk,bc,kf,-,8993,110,0,
Timmy,818053938,7,1,Br,-,-,-,8883,30,40,
Timmy,818053975,7,7,f,Q,-,-,8893,0,0,
Timmy,818226950,5,3,f,-,-,-,8893,0,0,
Timmy,818226979,5,2,Bc,kf,-,-,8893,35,0,
Timmy,818227030,5,1,Bcc,kc,k,k,8858,90,0,7s,8c
Timmy,818227108,5,5,f,-,-,-,8768,0,0,
Timmy,818227129,5,4,cc,k,b,k,8768,142,0,4h,Ah
Timmy,818227222,5,3,f,-,-,-,8626,0,0,
Timmy,818227264,5,2,B,-,-,-,8626,10,15,
Timmy,818227281,5,1,Bcc,b,b,b,8631,810,1080,
Timmy,818227400,5,5,r,k,r,b,8901,974,1302,
Timmy,818227469,5,4,f,-,-,-,9229,0,0,
Timmy,818227560,6,4,c,k,b,-,9229,40,60,
Timmy,818227608,6,3,cc,b,k,b,9249,267,366,
Timmy,818227675,7,3,f,-,-,-,9348,0,0,
Timmy,818227756,7,2,Bf,-,-,-,9348,10,0,
Timmy,818227819,7,1,Bf,-,-,-,9338,5,0,
Timmy,818227865,8,8,f,-,-,-,9333,0,0,
Timmy,818227917,8,7,f,-,-,-,9333,0,0,
Timmy,818227977,8,6,c,kf,-,-,9333,10,0,
Timmy,818228065,8,5,c,c,r,-,9323,400,540,
Timmy,818228128,8,4,c,b,b,k,9463,250,0,Qc,Kd
Timmy,818228188,8,3,f,-,-,-,9213,0,0,
Timmy,818228274,7,1,Bc,kf,-,-,9213,50,0,
Timmy,818228450,7,1,Bc,b,kf,-,9163,50,0,
Timmy,818228507,7,7,c,c,k,k,9113,45,70,6c,7c
Timmy,818228581,7,6,c,b,k,k,9138,45,0,Kc,9c
Timmy,818228640,7,5,f,-,-,-,9093,0,0,
Timmy,818228695,7,4,c,k,f,-,9093,10,0,
Timmy,818228742,7,3,c,k,kf,-,9083,10,0,
Timmy,818228812,7,2,Bk,kf,-,-,9073,10,0,
Timmy,818228841,8,1,Bc,k,k,b,9063,45,85,
Timmy,818228966,8,8,c,c,k,f,9103,50,0,
Timmy,818229040,6,6,c,f,-,-,9053,10,0,
Timmy,818229091,6,5,f,Q,-,-,9043,0,0,
Timmy,820307084,8,8,c,k,k,k,9353,10,0,Tc,Qs
Timmy,820307113,8,7,rc,f,-,-,9343,680,0,
Timmy,820307213,8,6,f,-,-,-,8663,0,0,
Timmy,820307267,8,5,f,-,-,-,8663,0,0,
Timmy,820307311,8,4,f,-,-,-,8663,0,0,
Timmy,820307340,8,3,f,-,-,-,8663,0,0,
Timmy,820307361,8,2,Bf,-,-,-,8663,10,0,
Timmy,820307380,8,1,Bf,-,-,-,8653,5,0,
Timmy,820307398,8,8,r,rf,-,-,8648,465,0,
Timmy,820307450,8,7,c,cc,f,-,8183,610,0,
Timmy,820307532,8,6,f,-,-,-,7573,0,0,
Timmy,820307571,8,5,c,f,-,-,7573,10,0,
Timmy,820307602,8,4,f,-,-,-,7563,0,0,
Timmy,820307643,8,3,cc,kf,-,-,7563,65,0,
Timmy,820307721,8,2,Bk,kf,-,-,7498,10,0,
Timmy,820307765,8,1,Bc,kc,k,kf,7488,50,0,
Timmy,820307819,8,8,f,-,-,-,7438,0,0,
Timmy,820307872,8,7,f,-,-,-,7438,0,0,
Timmy,820307928,8,6,c,f,-,-,7438,45,0,
Timmy,820307966,8,5,f,-,-,-,7393,0,0,
Timmy,820308005,8,4,f,-,-,-,7393,0,0,
Timmy,820308082,8,3,c,k,f,-,7393,10,0,
Timmy,820308135,8,2,Bk,c,r,k,7383,660,0,Tc,Ah
Timmy,820308187,8,1,Bc,kf,-,-,6723,10,0,
Timmy,820308244,8,8,c,f,-,-,6713,45,0,
Timmy,820308290,8,7,c,r,b,b,6668,1810,2430,
Timmy,820308342,8,6,f,-,-,-,7288,0,0,
Timmy,820308367,8,5,r,b,-,-,7288,195,300,
Timmy,820308391,8,4,c,kf,-,-,7393,10,0,
Timmy,820308426,8,3,f,-,-,-,7383,0,0,
Timmy,820308483,8,2,Bk,f,-,-,7383,10,0,
Timmy,820308550,8,1,Bc,kf,-,-,7373,10,0,
Timmy,820308613,9,8,f,-,-,-,7363,0,0,
Timmy,820308650,9,7,f,-,-,-,7363,0,0,
Timmy,820308692,9,6,c,rc,b,k,7363,1410,0,Ts,Qd
Timmy,820308741,9,5,c,b,-,-,5953,55,90,
Timmy,820308782,9,5,c,k,k,k,5988,10,0,9s,7d
Timmy,820308837,8,3,cc,b,-,-,5978,250,400,
Timmy,820308884,8,2,Bk,bc,k,k,6128,270,0,9c,Qd
Timmy,820308936,8,1,Bf,-,-,-,5858,5,0,
Timmy,820308983,8,8,c,c,b,-,5853,260,400,
Timmy,820309033,8,7,f,-,-,-,5993,0,0,
Timmy,820309068,8,6,f,-,-,-,5993,0,0,
Timmy,820309111,8,5,f,-,-,-,5993,0,0,
Timmy,820309163,8,4,cc,c,r,-,5993,2925,3960,
Timmy,820309231,8,3,f,-,-,-,7028,0,0,
Timmy,820309268,8,2,Bk,f,-,-,7028,10,0,
Timmy,820309338,8,1,Bc,k,bc,kc,7018,400,0,Td,Jc
Timmy,820309375,8,8,c,c,c,f,6618,400,0,
Timmy,820309452,8,7,f,-,-,-,6218,0,0,
Timmy,820309498,8,6,c,k,c,f,6218,65,0,
Timmy,820309557,8,5,f,-,-,-,6153,0,0,
Timmy,820309579,8,4,f,-,-,-,6153,0,0,
Timmy,820309641,8,3,f,-,-,-,6153,0,0,
Timmy,820309704,8,2,Bk,kf,-,-,6153,10,0,
Timmy,820309763,8,1,Bf,-,-,-,6143,5,0,
Timmy,820309816,8,8,f,-,-,-,6138,0,0,
Timmy,820309849,8,7,r,k,f,-,6138,55,0,
Timmy,820309891,8,6,f,-,-,-,6083,0,0,
Timmy,820309920,8,5,c,kf,-,-,6083,10,0,
Timmy,820309985,7,4,c,c,b,-,6073,310,480,
Timmy,820310055,8,3,f,-,-,-,6243,0,0,
Timmy,820310090,8,2,Bk,k,kcc,k,6243,270,0,Td,Js
Timmy,820310157,8,1,Bc,bc,k,k,5973,975,2070,9d,Qd
Timmy,820310218,8,8,f,-,-,-,7068,0,0,
Timmy,820310249,8,7,c,b,-,-,7068,65,110,
Timmy,820310295,9,6,f,-,-,-,7113,0,0,
Timmy,820310337,9,5,c,c,b,b,7113,860,0,4d,Jd
Timmy,820310405,9,4,c,k,c,r,6253,970,2100,2d,Kd
Timmy,820310551,9,3,f,-,-,-,7383,0,0,
Timmy,820310613,9,2,Bf,-,-,-,7383,10,0,
Timmy,820310634,8,1,Br,b,kc,kc,7373,5170,0,Jd,Jc
Timmy,820310732,8,3,Q,-,-,-,2203,0,0,
