Quetzal,819519826,5,2,Bf,-,-,-,7817,10,0,
Quetzal,819519853,5,1,Bf,-,-,-,7807,5,0,
Quetzal,819519861,5,5,f,Q,-,-,7802,0,0,
Quetzal,819519939,5,3,f,-,-,-,7802,0,0,
Quetzal,819519970,5,2,Bk,kf,-,-,7802,10,0,
Quetzal,819519993,5,1,Br,b,b,-,7792,400,570,
Quetzal,819520041,5,5,f,-,-,-,7962,0,0,
Quetzal,819520078,5,4,r,-,-,-,7962,30,45,
Quetzal,819520099,5,3,f,-,-,-,7977,0,0,
Quetzal,819520127,5,2,Bf,-,-,-,7977,10,0,
Quetzal,819520133,5,1,Bc,b,b,-,7967,90,140,
Quetzal,819520177,6,5,r,-,-,-,8017,30,45,
Quetzal,819520195,6,4,cc,f,-,-,8032,45,0,
Quetzal,819520232,6,3,f,-,-,-,7987,0,0,
Quetzal,819520286,6,2,Bk,b,-,-,7987,45,70,
Quetzal,819520316,7,1,Bc,k,b,kf,8012,30,0,
Quetzal,819520368,8,8,f,-,-,-,7982,0,0,
Quetzal,819520438,8,7,f,-,-,-,7982,0,0,
Quetzal,819520482,9,7,f,-,-,-,7982,0,0,
Quetzal,819520533,9,6,f,-,-,-,7982,0,0,
Quetzal,819520580,9,5,f,-,-,-,7982,0,0,
Quetzal,819520655,9,4,f,-,-,-,7982,0,0,
Quetzal,819520685,9,3,f,-,-,-,7982,0,0,
Quetzal,819520725,9,2,Bk,k,b,k,7982,60,0,8d,Js
Quetzal,819520790,9,1,Bf,-,-,-,7922,5,0,
Quetzal,819520879,9,9,c,b,-,-,7917,45,70,
Quetzal,819520905,9,8,f,-,-,-,7942,0,0,
Quetzal,819520945,9,7,f,-,-,-,7942,0,0,
Quetzal,819520984,9,6,f,-,-,-,7942,0,0,
Quetzal,819521027,9,5,f,-,-,-,7942,0,0,
Quetzal,819521074,9,4,f,-,-,-,7942,0,0,
Quetzal,819521121,9,3,f,-,-,-,7942,0,0,
Quetzal,819521183,9,2,Bk,bf,-,-,7942,30,0,
Quetzal,819521326,9,1,Br,bc,k,bf,7912,640,0,
Quetzal,819521425,9,9,f,-,-,-,7272,0,0,
Quetzal,819521468,9,8,f,-,-,-,7272,0,0,
Quetzal,819521540,9,7,f,-,-,-,7272,0,0,
Quetzal,819521576,9,6,f,-,-,-,7272,0,0,
Quetzal,819521642,9,5,f,-,-,-,7272,0,0,
Quetzal,819521677,9,4,c,b,-,-,7272,40,60,
Quetzal,819521741,9,3,cc,kf,-,-,7292,45,0,
Quetzal,819521804,10,2,Bf,-,-,-,7247,10,0,
Quetzal,819521842,10,1,Bf,-,-,-,7237,5,0,
Quetzal,819521912,10,10,cc,f,-,-,7232,50,0,
Quetzal,819522036,9,8,f,-,-,-,7182,0,0,
Quetzal,819522159,8,7,c,rc,k,b,7182,1190,1640,
Quetzal,819522228,8,6,r,b,-,-,7632,145,220,
Quetzal,819522287,8,5,c,b,-,-,7707,45,70,
Quetzal,819522329,8,4,f,-,-,-,7732,0,0,
Quetzal,819522445,8,3,f,-,-,-,7732,0,0,
Quetzal,819522506,9,2,Br,b,-,-,7732,110,150,
Quetzal,819522542,9,1,Bf,-,-,-,7772,5,0,
Quetzal,819522581,9,9,f,-,-,-,7767,0,0,
Quetzal,819522607,9,8,f,-,-,-,7767,0,0,
Quetzal,819522699,9,7,r,b,-,-,7767,195,330,
Quetzal,819522753,9,6,f,Q,-,-,7902,0,0,
