crazieer,818122553,7,7,f,-,-,-,6385,0,0,
crazieer,818122610,7,6,cc,r,b,-,6385,2130,2880,
crazieer,818122666,7,5,f,-,-,-,7135,0,0,
crazieer,818122686,7,4,f,-,-,-,7135,0,0,
crazieer,818122745,7,3,f,-,-,-,7135,0,0,
crazieer,818122785,9,2,Bc,kf,-,-,7135,35,0,
crazieer,818122888,8,1,Bf,-,-,-,7100,5,0,
crazieer,818122953,9,9,f,-,-,-,7095,0,0,
crazieer,818123028,8,8,f,-,-,-,7095,0,0,
crazieer,818123064,7,6,f,-,-,-,7095,0,0,
crazieer,818123115,8,6,f,-,-,-,7095,0,0,
crazieer,818123183,8,5,f,-,-,-,7095,0,0,
crazieer,818123231,8,4,f,-,-,-,7095,0,0,
crazieer,818123305,8,3,f,-,-,-,7095,0,0,
crazieer,818123345,8,2,Bc,kf,-,-,7095,35,0,
crazieer,818123399,8,1,Bf,-,-,-,7060,5,0,
crazieer,818123429,8,8,f,-,-,-,7055,0,0,
crazieer,818123480,8,7,cc,f,-,-,7055,70,0,
crazieer,818123527,8,6,f,-,-,-,6985,0,0,
crazieer,818123570,8,5,c,f,-,-,6985,10,0,
crazieer,818123634,8,4,c,b,-,-,6975,75,130,
crazieer,818123671,8,3,f,-,-,-,7030,0,0,
crazieer,818123726,9,2,Bc,kf,-,-,7030,35,0,
crazieer,818123818,9,1,Bf,-,-,-,6995,5,0,
crazieer,818123856,9,9,c,f,-,-,6990,10,0,
crazieer,818123917,9,8,f,-,-,-,6980,0,0,
crazieer,818123945,9,7,f,-,-,-,6980,0,0,
crazieer,818124025,9,6,r,-,-,-,6980,35,50,
crazieer,818124060,9,5,f,-,-,-,6995,0,0,
crazieer,818124102,9,4,f,-,-,-,6995,0,0,
crazieer,818124128,9,3,f,-,-,-,6995,0,0,
crazieer,818124188,9,2,Bk,f,-,-,6995,10,0,
crazieer,818124245,9,1,Bf,-,-,-,6985,5,0,
crazieer,818124274,10,10,f,-,-,-,6980,0,0,
crazieer,818124309,10,9,f,-,-,-,6980,0,0,
crazieer,818124362,10,8,f,-,-,-,6980,0,0,
crazieer,818124402,10,7,c,b,-,-,6980,60,100,
crazieer,818124442,10,6,f,-,-,-,7020,0,0,
crazieer,818124516,10,5,cf,-,-,-,7020,10,0,
crazieer,818124644,10,4,c,f,-,-,7010,10,0,
crazieer,818124730,10,3,c,kf,-,-,7000,10,0,
crazieer,818124801,10,2,Bk,b,-,-,6990,30,40,
crazieer,818124834,10,1,Bc,k,kf,-,7000,10,0,
crazieer,818124879,10,10,c,f,-,-,6990,35,0,
crazieer,818124911,10,9,f,-,-,-,6955,0,0,
crazieer,818124978,10,8,f,-,-,-,6955,0,0,
crazieer,818125017,10,7,f,-,-,-,6955,0,0,
crazieer,818125099,11,6,c,f,-,-,6955,10,0,
crazieer,818125197,11,5,f,-,-,-,6945,0,0,
crazieer,818125234,10,5,f,-,-,-,6945,0,0,
crazieer,818125281,10,3,c,kf,-,-,6945,10,0,
crazieer,818125345,10,2,Bk,kf,-,-,6935,10,0,
crazieer,818125414,9,1,Bc,b,-,-,6925,150,230,
crazieer,818125459,9,9,c,k,k,k,7005,10,0,9c,Js
crazieer,818125530,9,8,f,-,-,-,6995,0,0,
crazieer,818125594,9,7,f,-,-,-,6995,0,0,
crazieer,818125628,10,6,r,b,-,-,6995,245,380,
crazieer,818125671,10,5,c,f,-,-,7130,10,0,
crazieer,818125801,10,4,c,kf,-,-,7120,10,0,
crazieer,818125880,11,3,cf,-,-,-,7110,10,0,
crazieer,818125918,11,2,Bk,kf,-,-,7100,10,0,
crazieer,818126034,11,1,Bc,kf,-,-,7090,10,0,
crazieer,818126114,11,11,f,-,-,-,7080,0,0,
crazieer,818126186,11,10,c,f,-,-,7080,45,0,
crazieer,818126287,10,8,c,f,-,-,7035,10,0,
crazieer,818126380,10,8,f,-,-,-,7025,0,0,
crazieer,818126422,9,6,f,-,-,-,7025,0,0,
crazieer,818126487,9,5,f,-,-,-,7025,0,0,
crazieer,818126547,9,4,f,-,-,-,7025,0,0,
crazieer,818126601,9,3,f,-,-,-,7025,0,0,
crazieer,818126763,9,2,Bc,kf,-,-,7025,45,0,
crazieer,818126860,8,1,Bc,kf,-,-,6980,35,0,
crazieer,818126910,8,8,c,f,-,-,6945,35,0,
crazieer,818126998,7,6,c,c,rc,cA,6910,6910,0,Js,Jc
