Sharpei,817856743,10,7,r,c,b,-,4718,645,900,
Sharpei,817856830,10,6,f,-,-,-,4973,0,0,
Sharpei,817856896,10,5,f,-,-,-,4973,0,0,
Sharpei,817856995,10,4,f,-,-,-,4973,0,0,
Sharpei,817857105,10,3,f,-,-,-,4973,0,0,
Sharpei,817857153,10,2,Bc,kf,-,-,4973,35,0,
Sharpei,817857212,10,1,Bc,kf,-,-,4938,10,0,
Sharpei,817857272,9,9,f,-,-,-,4928,0,0,
Sharpei,817857346,9,8,c,b,-,-,4928,70,120,
Sharpei,817857384,9,7,f,-,-,-,4978,0,0,
Sharpei,817857443,9,6,f,-,-,-,4978,0,0,
Sharpei,817857496,9,5,c,b,k,kf,4978,70,0,
Sharpei,817857580,9,5,cc,kf,-,-,4908,55,0,
Sharpei,817857626,8,3,f,-,-,-,4853,0,0,
Sharpei,817857691,9,2,Bk,c,r,k,4853,530,0,5d,6h
Sharpei,817857749,10,1,Bc,kc,k,k,4323,30,0,4h,7c
Sharpei,817857822,10,10,r,b,b,-,4293,1915,2760,
Sharpei,817857940,10,9,c,f,-,-,5138,10,0,
Sharpei,817857993,10,8,f,-,-,-,5128,0,0,
Sharpei,817858101,10,7,c,f,-,-,5128,35,0,
Sharpei,817858151,9,6,f,-,-,-,5093,0,0,
Sharpei,817858221,9,5,f,-,-,-,5093,0,0,
Sharpei,817858277,9,4,cc,rf,-,-,5093,970,0,
Sharpei,817858461,9,3,f,-,-,-,4123,0,0,
Sharpei,817858659,6,1,Bf,-,-,-,4123,10,0,
Sharpei,817858684,8,1,Bc,kf,-,-,4113,10,0,
Sharpei,817858753,8,8,cc,c,c,k,4103,1310,3000,6d,4d
Sharpei,817858866,7,6,f,-,-,-,5793,0,0,
Sharpei,817858938,6,4,f,-,-,-,5793,0,0,
Sharpei,817858992,6,3,c,kf,-,-,5793,10,0,
Sharpei,817859047,6,2,Bf,-,-,-,5783,10,0,
Sharpei,817859076,6,1,Bc,k,kf,-,5773,10,0,
Sharpei,817859134,4,4,c,c,c,k,5763,130,270,8c,9c
Sharpei,817859170,4,4,c,k,f,-,5903,10,0,
Sharpei,817859211,5,3,f,-,-,-,5893,0,0,
Sharpei,817859241,5,2,Bc,kc,c,b,5893,2080,2880,
Sharpei,817859298,5,1,Bc,kf,-,-,6693,10,0,
Sharpei,817859338,5,5,r,-,-,-,6683,35,50,
Sharpei,817859352,5,4,c,k,f,-,6698,35,0,
Sharpei,817859375,5,3,cc,k,f,-,6663,40,0,
Sharpei,817859431,5,2,Bc,kQ,-,-,6623,35,0,
Sharpei,818122333,6,5,f,-,-,-,6588,0,0,
Sharpei,818122381,6,4,c,kf,-,-,6588,10,0,
Sharpei,818122422,6,3,f,-,-,-,6578,0,0,
Sharpei,818122461,6,2,Bk,kf,-,-,6578,10,0,
Sharpei,818122483,6,1,Bc,k,k,kf,6568,10,0,
Sharpei,818122531,6,6,r,-,-,-,6558,35,50,
Sharpei,818122553,7,5,f,-,-,-,6573,0,0,
Sharpei,818122610,7,4,f,-,-,-,6573,0,0,
Sharpei,818122666,7,3,f,-,-,-,6573,0,0,
Sharpei,818122686,7,2,Bk,kf,-,-,6573,10,0,
Sharpei,818122745,7,1,Bc,k,kf,-,6563,10,0,
Sharpei,818122785,9,9,c,ccA,-,-,6553,6553,0,8c,Td
