Schween,818198009,5,3,cf,-,-,-,13993,10,0,
Schween,818198055,6,2,Bk,k,k,k,13983,10,30,8s,2d
Schween,818198099,6,1,Br,k,k,k,14003,50,120,Js,Jc
Schween,818198160,6,6,f,-,-,-,14073,0,0,
Schween,818198211,6,5,f,-,-,-,14073,0,0,
Schween,818198223,6,4,f,-,-,-,14073,0,0,
Schween,818198244,6,3,rc,kf,-,-,14073,120,0,
Schween,818198276,6,2,Bk,kf,-,-,13953,10,0,
Schween,818198361,6,1,Bf,-,-,-,13943,5,0,
Schween,818198397,6,6,f,-,-,-,13938,0,0,
Schween,818198453,6,5,f,-,-,-,13938,0,0,
Schween,818198474,6,4,c,k,f,-,13938,10,0,
Schween,818198521,6,3,f,-,-,-,13928,0,0,
Schween,818198536,6,2,Bk,k,k,k,13928,10,0,8s,6c
Schween,818198568,6,1,Bf,-,-,-,13918,5,0,
Schween,818198591,5,5,c,k,c,k,13913,45,0,6h,Kh
Schween,818198633,6,4,c,Q,-,-,13868,10,0,
Schween,818225263,3,2,Bk,k,f,-,13278,10,0,
Schween,818225305,3,1,Bf,-,-,-,13268,5,0,
Schween,818225328,3,3,f,-,-,-,13263,0,0,
Schween,818225390,4,2,Bk,f,-,-,13263,10,0,
Schween,818225460,4,1,Bc,k,k,k,13253,10,0,8h,Jh
Schween,818225494,4,4,f,-,-,-,13243,0,0,
Schween,818225505,4,3,r,b,-,-,13243,150,230,
Schween,818225597,4,2,Br,k,b,-,13323,270,360,
Schween,818225644,4,1,Bf,-,-,-,13413,5,0,
Schween,818225715,3,3,f,-,-,-,13408,0,0,
Schween,818225719,3,2,Bk,kf,-,-,13408,10,0,
Schween,818225750,3,1,Bf,-,-,-,13398,5,0,
Schween,818225809,4,4,f,-,-,-,13393,0,0,
Schween,818225847,4,3,f,-,-,-,13393,0,0,
Schween,818225919,6,2,Bf,-,-,-,13393,10,0,
Schween,818225947,6,1,Bf,-,-,-,13383,5,0,
Schween,818226012,6,6,c,f,-,-,13378,10,0,
Schween,818226062,6,5,f,-,-,-,13368,0,0,
Schween,818226094,6,4,f,-,-,-,13368,0,0,
Schween,818226152,6,3,c,b,-,-,13368,35,50,
Schween,818226195,5,2,Bk,kf,-,-,13383,10,0,
Schween,818226253,6,1,Bf,-,-,-,13373,5,0,
Schween,818226338,6,6,r,k,k,k,13368,45,0,Jh,Jc
Schween,818226385,6,5,c,f,-,-,13323,10,0,
Schween,818226421,6,4,f,-,-,-,13313,0,0,
Schween,818226446,5,3,f,-,-,-,13313,0,0,
Schween,818226482,6,2,Bk,kr,-,-,13313,150,210,
Schween,818226528,6,1,Bf,-,-,-,13373,5,0,
Schween,818226577,6,6,f,-,-,-,13368,0,0,
Schween,818226622,4,3,f,-,-,-,13368,0,0,
Schween,818226654,5,2,Br,f,-,-,13368,90,0,
Schween,818226683,5,1,Bf,-,-,-,13278,5,0,
Schween,818226723,5,5,f,-,-,-,13273,0,0,
Schween,818226769,5,4,c,k,k,b,13273,35,50,
Schween,818226809,4,2,Bk,f,-,-,13288,10,0,
Schween,818226872,4,1,Br,b,k,kc,13278,280,0,Ac,Qc
Schween,818226913,4,4,c,f,-,-,12998,10,0,
Schween,818226950,5,4,f,-,-,-,12988,0,0,
Schween,818226979,5,3,r,b,-,-,12988,110,150,
Schween,818227030,5,2,Br,b,k,k,13028,90,180,Qh,Ks
Schween,818227108,5,1,Bf,-,-,-,13118,5,0,
Schween,818227129,5,5,cc,k,c,k,13113,142,327,5d,Kd
Schween,818227222,5,4,c,k,k,f,13298,10,0,
Schween,818227264,5,3,f,-,-,-,13288,0,0,
Schween,818227281,5,2,Br,c,c,f,13288,270,0,
Schween,818227400,5,1,Bf,-,-,-,13018,5,0,
Schween,818227469,5,5,f,-,-,-,13013,0,0,
Schween,818227560,6,5,f,-,-,-,13013,0,0,
Schween,818227608,6,4,f,-,-,-,13013,0,0,
Schween,818227675,7,4,f,-,-,-,13013,0,0,
Schween,818227756,7,3,f,-,-,-,13013,0,0,
Schween,818227819,7,2,Br,b,-,-,13013,185,280,
Schween,818227865,8,1,Bf,-,-,-,13108,5,0,
Schween,818227917,8,8,f,-,-,-,13103,0,0,
Schween,818227977,8,7,c,b,b,k,13103,360,0,Qd,Ac
Schween,818228065,8,6,f,-,-,-,12743,0,0,
Schween,818228128,8,5,f,-,-,-,12743,0,0,
Schween,818228188,8,4,f,-,-,-,12743,0,0,
Schween,818228274,7,2,cc,kr,kcc,kf,12743,2434,0,
Schween,818228450,7,2,Bk,f,-,-,10309,10,0,
Schween,818228507,7,1,Bf,-,-,-,10299,5,0,
Schween,818228581,7,7,f,-,-,-,10294,0,0,
Schween,818228640,7,6,c,f,-,-,10294,10,0,
Schween,818228695,7,5,f,-,-,-,10284,0,0,
Schween,818228742,7,4,c,k,kf,-,10284,10,0,
Schween,818228812,7,3,f,-,-,-,10274,0,0,
Schween,818228841,8,2,Bk,k,k,f,10274,10,0,
Schween,818228966,8,1,BQ,-,-,-,10264,5,0,
Schween,818230379,8,4,f,-,-,-,10259,0,0,
Schween,818230429,9,3,f,-,-,-,10259,0,0,
Schween,818230448,9,2,Bf,-,-,-,10259,10,0,
Schween,818230507,8,1,Bf,-,-,-,10249,5,0,
Schween,818230549,8,8,r,-,-,-,10244,35,50,
Schween,818230577,8,7,c,f,-,-,10259,10,0,
Schween,818230665,7,5,f,-,-,-,10249,0,0,
Schween,818230700,7,4,f,-,-,-,10249,0,0,
Schween,818230726,8,3,c,kf,-,-,10249,10,0,
Schween,818230767,8,2,Bk,kf,-,-,10239,10,0,
Schween,818230815,8,1,Bf,-,-,-,10229,5,0,
Schween,818230847,8,8,c,f,-,-,10224,10,0,
Schween,818230914,8,7,f,-,-,-,10214,0,0,
Schween,818230984,9,7,f,-,-,-,10214,0,0,
Schween,818231025,9,6,f,-,-,-,10214,0,0,
Schween,818231041,9,5,f,-,-,-,10214,0,0,
Schween,818231094,9,4,f,-,-,-,10214,0,0,
Schween,818231132,10,3,f,-,-,-,10214,0,0,
Schween,818231317,8,2,Bk,kf,-,-,10214,10,0,
Schween,818231436,9,1,Bf,-,-,-,10204,5,0,
Schween,818231590,10,10,f,-,-,-,10199,0,0,
Schween,818231640,10,9,f,-,-,-,10199,0,0,
Schween,818231684,10,3,Q,-,-,-,10199,0,0,
