[rkt],820225644,4,2,Bc,f,-,-,3078,30,0,
[rkt],820225658,4,1,Bf,-,-,-,3048,5,0,
[rkt],820225665,4,4,f,-,-,-,3043,0,0,
[rkt],820225682,4,3,f,-,-,-,3043,0,0,
[rkt],820225704,4,2,Bf,-,-,-,3043,10,0,
[rkt],820225716,4,1,Bf,-,-,-,3033,5,0,
[rkt],820225723,4,4,f,-,-,-,3028,0,0,
[rkt],820225732,5,4,r,-,-,-,3028,35,50,
[rkt],820225751,5,3,f,-,-,-,3043,0,0,
[rkt],820225769,6,2,Bc,kc,b,-,3043,335,450,
[rkt],820225798,6,1,Br,b,k,k,3158,205,0,Qh,Ad
[rkt],820225852,6,6,f,-,-,-,2953,0,0,
[rkt],820225872,6,5,f,-,-,-,2953,0,0,
[rkt],820225880,6,4,f,-,-,-,2953,0,0,
[rkt],820225905,6,3,f,-,-,-,2953,0,0,
[rkt],820225990,6,2,Bk,b,-,-,2953,45,70,
[rkt],820226012,6,1,Bc,b,bc,bc,2978,2200,0,8s,Ad
[rkt],820226076,6,6,r,-,-,-,778,35,50,
[rkt],820226101,6,5,f,-,-,-,793,0,0,
[rkt],820226129,6,4,f,-,-,-,793,0,0,
[rkt],820226175,6,3,f,-,-,-,793,0,0,
[rkt],820226214,7,2,B,-,-,-,793,10,15,
[rkt],820226226,7,1,Bc,k,k,k,798,10,20,8s,Jh
[rkt],820226302,7,7,f,-,-,-,808,0,0,
[rkt],820226338,7,6,f,-,-,-,808,0,0,
[rkt],820226373,7,5,f,-,-,-,808,0,0,
[rkt],820226383,7,4,f,-,-,-,808,0,0,
[rkt],820226419,7,3,r,b,bcA,-,808,808,0,Qc,Qd
