ATM,820310295,9,7,f,-,-,-,3035,0,0,
ATM,820310337,9,6,f,-,-,-,3035,0,0,
ATM,820310405,9,5,c,k,f,-,3035,10,0,
ATM,820310551,9,4,f,-,-,-,3025,0,0,
ATM,820310613,9,3,fQ,-,-,-,3025,0,0,
ATM,820312983,7,5,c,r,-,-,3025,210,300,
ATM,820313032,6,4,f,-,-,-,3115,0,0,
ATM,820313072,6,3,cc,f,-,-,3115,50,0,
ATM,820313121,5,2,B,-,-,-,3065,10,15,
ATM,820313145,5,1,Bf,-,-,-,3070,5,0,
ATM,820313169,5,5,c,k,k,k,3065,10,0,9h,Qs
ATM,820313228,4,3,r,-,-,-,3055,30,40,
ATM,820313240,4,3,f,-,-,-,3065,0,0,
ATM,820313277,4,2,Bk,f,-,-,3065,10,0,
ATM,820313307,4,1,Bc,kf,-,-,3055,10,0,
ATM,820313327,4,4,f,-,-,-,3045,0,0,
ATM,820313345,4,3,f,-,-,-,3045,0,0,
ATM,820313363,4,2,Bf,-,-,-,3045,10,0,
ATM,820313396,4,1,Bc,kc,k,k,3035,30,60,2h,Ad
ATM,820313426,4,4,f,-,-,-,3065,0,0,
ATM,820313445,3,3,c,f,-,-,3065,10,0,
ATM,820313469,3,2,Bf,-,-,-,3055,10,0,
ATM,820313477,3,1,Bf,-,-,-,3045,5,0,
ATM,820313483,3,3,f,-,-,-,3040,0,0,
ATM,820313489,3,2,Bf,-,-,-,3040,10,0,
ATM,820313522,3,1,Br,b,-,-,3030,90,120,
ATM,820313539,3,3,f,-,-,-,3060,0,0,
ATM,820313571,3,2,Bk,r,b,k,3060,270,540,Qd,As
ATM,820313604,3,1,Bf,-,-,-,3330,5,0,
ATM,820313628,3,3,f,-,-,-,3325,0,0,
ATM,820313632,3,2,B,-,-,-,3325,10,15,
ATM,820313635,3,1,Bc,kf,-,-,3330,10,0,
ATM,820313663,3,3,f,-,-,-,3320,0,0,
ATM,820313672,3,2,Bk,k,k,k,3320,10,0,7s,5h
ATM,820313689,3,1,Bf,-,-,-,3310,5,0,
ATM,820313714,3,3,f,-,-,-,3305,0,0,
ATM,820313719,3,2,Bf,-,-,-,3305,10,0,
ATM,820313723,3,1,Bc,k,kc,k,3295,140,315,2d,Ad
ATM,820313752,3,3,f,-,-,-,3470,0,0,
ATM,820313766,3,2,Bk,k,b,b,3470,90,120,
ATM,820313797,3,1,Bf,-,-,-,3500,5,0,
ATM,820313802,3,3,f,-,-,-,3495,0,0,
ATM,820313807,3,2,B,-,-,-,3495,10,15,
ATM,820313812,3,1,Bf,-,-,-,3500,5,0,
ATM,820313832,3,3,r,b,-,-,3495,110,150,
ATM,820313845,3,2,Bk,k,bc,k,3535,90,180,Kd,Ac
ATM,820313870,3,1,Br,k,bc,kc,3625,1210,0,Qh,Ac
ATM,820313912,3,3,f,-,-,-,2415,0,0,
ATM,820313927,3,2,Br,k,bc,cA,2415,2415,5390,7h,Ah
ATM,820313990,3,1,Bf,-,-,-,5390,5,0,
ATM,820314036,3,3,f,-,-,-,5385,0,0,
ATM,820314043,3,2,Br,k,k,k,5385,30,60,Tc,Td
ATM,820314063,3,1,Bf,-,-,-,5415,5,0,
ATM,820314069,3,3,f,-,-,-,5410,0,0,
ATM,820314073,3,2,B,-,-,-,5410,10,15,
ATM,820314077,3,1,Bc,k,k,kf,5415,10,0,
ATM,820314102,3,3,f,-,-,-,5405,0,0,
ATM,820314127,3,2,B,-,-,-,5405,10,15,
ATM,820314132,3,1,Bc,k,k,k,5410,10,0,Td,Jc
ATM,820314153,3,3,f,-,-,-,5400,0,0,
ATM,820314160,3,2,Bk,f,-,-,5400,10,0,
ATM,820314176,3,1,Bf,-,-,-,5390,5,0,
ATM,820314187,3,3,f,-,-,-,5385,0,0,
ATM,820314203,3,2,Bc,f,-,-,5385,35,0,
ATM,820314231,3,1,Bf,-,-,-,5350,5,0,
ATM,820314254,3,3,r,-,-,-,5345,35,50,
ATM,820314261,3,2,B,-,-,-,5360,10,15,
ATM,820314267,3,1,Bf,-,-,-,5365,5,0,
ATM,820314272,3,3,r,-,-,-,5360,35,50,
ATM,820314278,3,2,Bk,k,k,k,5375,10,20,7s,3c
ATM,820314299,3,1,Bf,-,-,-,5385,5,0,
ATM,820314306,3,3,f,-,-,-,5380,0,0,
ATM,820314310,3,2,Bf,-,-,-,5380,10,0,
ATM,820314338,3,1,Bf,-,-,-,5370,5,0,
ATM,820314348,3,3,f,-,-,-,5365,0,0,
ATM,820314352,3,2,Bk,c,k,k,5365,40,0,8s,4s
ATM,820314375,3,1,BQ,-,-,-,5325,5,0,
