foldbot0,818195647,3,1,Bc,b,kc,kc,5176,400,0,Ac,Ad
foldbot0,818195718,4,4,f,-,-,-,4776,0,0,
foldbot0,818195872,4,3,r,b,-,-,4776,65,105,
foldbot0,818195900,4,2,Bc,f,-,-,4816,30,0,
foldbot0,818195934,4,1,Brf,-,-,-,4786,30,0,
foldbot0,818195956,4,4,f,-,-,-,4756,0,0,
foldbot0,818196021,4,3,f,-,-,-,4756,0,0,
foldbot0,818196036,4,2,Bc,kf,-,-,4756,35,0,
foldbot0,818196061,4,1,Bf,-,-,-,4721,5,0,
foldbot0,818196082,4,4,c,f,-,-,4716,10,0,
foldbot0,818196112,4,3,f,-,-,-,4706,0,0,
foldbot0,818196119,4,2,Bf,-,-,-,4706,10,0,
foldbot0,818196131,4,1,Bf,-,-,-,4696,5,0,
foldbot0,818196164,4,4,r,bf,-,-,4691,95,0,
foldbot0,818196209,4,3,cf,-,-,-,4596,10,0,
foldbot0,818196230,4,2,Bk,k,k,k,4586,10,10,2h,9d
foldbot0,818196259,4,1,Bf,-,-,-,4586,5,0,
foldbot0,818196270,4,4,f,-,-,-,4581,0,0,
foldbot0,818196276,4,3,f,-,-,-,4581,0,0,
foldbot0,818196288,4,2,Bc,k,f,-,4581,35,0,
foldbot0,818196328,4,1,Bc,b,kf,-,4546,30,0,
foldbot0,818196370,5,5,c,k,b,-,4516,35,60,
foldbot0,818196421,5,4,f,-,-,-,4541,0,0,
foldbot0,818196457,5,3,f,-,-,-,4541,0,0,
foldbot0,818196465,5,2,Bf,-,-,-,4541,10,0,
foldbot0,818196535,5,1,Bc,kf,-,-,4531,10,0,
foldbot0,818196572,5,5,f,-,-,-,4521,0,0,
foldbot0,818196606,5,4,f,-,-,-,4521,0,0,
foldbot0,818196664,5,3,f,-,-,-,4521,0,0,
foldbot0,818196696,5,2,Bf,-,-,-,4521,10,0,
foldbot0,818196737,4,1,Bc,k,k,k,4511,10,0,Qh,5h
foldbot0,818196771,3,3,r,-,-,-,4501,35,50,
foldbot0,818196787,3,2,Bf,-,-,-,4516,10,0,
foldbot0,818196811,3,1,Br,-,-,-,4506,30,40,
foldbot0,818196824,3,3,f,-,-,-,4516,0,0,
foldbot0,818196866,3,2,B,-,-,-,4516,10,15,
foldbot0,818196873,3,1,Bf,-,-,-,4521,5,0,
foldbot0,818196881,3,3,f,-,-,-,4516,0,0,
foldbot0,818196904,3,2,Bc,f,-,-,4516,30,0,
foldbot0,818196918,3,1,Br,-,-,-,4486,30,40,
foldbot0,818196928,4,4,c,f,-,-,4496,10,0,
foldbot0,818196951,4,3,f,-,-,-,4486,0,0,
foldbot0,818196959,4,2,Bf,-,-,-,4486,10,0,
foldbot0,818196973,4,1,Bc,k,k,k,4476,35,0,Th,Jh
foldbot0,818197012,4,4,f,-,-,-,4441,0,0,
foldbot0,818197028,4,3,f,-,-,-,4441,0,0,
foldbot0,818197039,4,2,Bc,kf,-,-,4441,35,0,
foldbot0,818197067,4,1,Bf,-,-,-,4406,5,0,
foldbot0,818197074,4,4,f,-,-,-,4401,0,0,
foldbot0,818197100,4,3,f,-,-,-,4401,0,0,
foldbot0,818197124,4,2,Bk,b,-,-,4401,40,60,
foldbot0,818197168,4,1,Bc,k,k,k,4421,10,0,3c,6c
foldbot0,818197209,4,4,f,-,-,-,4411,0,0,
foldbot0,818197218,4,3,f,-,-,-,4411,0,0,
foldbot0,818197230,4,2,Bf,-,-,-,4411,10,0,
foldbot0,818197246,4,1,Bf,-,-,-,4401,5,0,
foldbot0,818197256,4,4,f,-,-,-,4396,0,0,
foldbot0,818197273,4,3,r,-,-,-,4396,35,50,
foldbot0,818197284,4,2,Bc,bc,bc,k,4411,1100,2205,Th,Kd
foldbot0,818197354,4,1,Br,-,-,-,5516,30,40,
foldbot0,818197382,4,4,c,b,-,-,5526,32,47,
foldbot0,818197410,4,3,f,-,-,-,5541,0,0,
foldbot0,818197427,4,2,Bf,-,-,-,5541,10,0,
foldbot0,818197446,4,1,Bf,-,-,-,5531,5,0,
foldbot0,818197464,4,4,r,b,b,-,5526,165,245,
foldbot0,818197512,4,3,c,b,k,f,5606,25,0,
foldbot0,818197562,4,2,Bk,b,-,-,5581,40,60,
foldbot0,818197606,4,1,Bf,-,-,-,5601,5,0,
foldbot0,818197623,4,4,r,bf,-,-,5596,190,0,
foldbot0,818197673,4,3,f,-,-,-,5406,0,0,
foldbot0,818197707,4,2,Bf,-,-,-,5406,10,0,
foldbot0,818197732,4,1,Bc,b,kr,b,5396,1205,1620,
foldbot0,818197867,4,4,f,-,-,-,5811,0,0,
foldbot0,818197885,5,4,c,c,k,b,5811,115,280,9h,Tc
foldbot0,818198009,5,4,r,b,k,f,5976,95,0,
foldbot0,818198055,6,3,f,-,-,-,5881,0,0,
foldbot0,818198099,6,2,Bf,-,-,-,5881,10,0,
foldbot0,818198160,6,1,Bc,k,kf,-,5871,10,0,
foldbot0,818198211,6,6,f,-,-,-,5861,0,0,
foldbot0,818198223,6,5,r,-,-,-,5861,35,50,
foldbot0,818198244,6,4,f,-,-,-,5876,0,0,
foldbot0,818198276,6,3,f,-,-,-,5876,0,0,
foldbot0,818198361,6,2,Bk,kf,-,-,5876,10,0,
foldbot0,818198397,6,1,Br,bf,-,-,5866,80,0,
foldbot0,818198453,6,6,f,-,-,-,5786,0,0,
foldbot0,818198474,6,5,f,-,-,-,5786,0,0,
foldbot0,818198521,6,4,f,-,-,-,5786,0,0,
foldbot0,818198536,6,3,f,-,-,-,5786,0,0,
foldbot0,818198568,6,2,Bf,-,-,-,5786,10,0,
foldbot0,818198591,5,1,Bf,-,-,-,5776,5,0,
foldbot0,818198633,6,5,f,-,-,-,5771,0,0,
foldbot0,818198694,5,3,f,-,-,-,5771,0,0,
foldbot0,818198729,5,2,Bk,br,-,-,5771,263,354,
foldbot0,818198795,6,1,Br,b,b,-,5862,210,310,
foldbot0,818198953,5,5,f,-,-,-,5962,0,0,
foldbot0,818198990,5,4,f,-,-,-,5962,0,0,
foldbot0,818199005,5,3,f,-,-,-,5962,0,0,
foldbot0,818199042,5,2,Bk,k,b,-,5962,30,55,
foldbot0,818199091,6,1,Bc,k,kf,-,5987,10,0,
foldbot0,818199152,6,6,r,-,-,-,5977,45,70,
foldbot0,818199177,6,5,f,-,-,-,6002,0,0,
foldbot0,818199189,6,4,c,b,-,-,6002,25,40,
foldbot0,818199234,6,3,Q,-,-,-,6017,0,0,
