mrPink,818125281,10,9,f,-,-,-,10429,0,0,
mrPink,818125345,10,8,f,-,-,-,10429,0,0,
mrPink,818125414,9,6,f,-,-,-,10429,0,0,
mrPink,818125459,9,5,f,-,-,-,10429,0,0,
mrPink,818125530,9,4,f,-,-,-,10429,0,0,
mrPink,818125594,9,3,f,-,-,-,10429,0,0,
mrPink,818125628,10,2,Bf,-,-,-,10429,10,0,
mrPink,818125671,10,1,Bc,kf,-,-,10419,10,0,
mrPink,818125801,10,10,c,f,-,-,10409,10,0,
mrPink,818125880,11,10,f,-,-,-,10399,0,0,
mrPink,818125918,11,9,f,-,-,-,10399,0,0,
mrPink,818126034,11,8,c,f,-,-,10399,10,0,
mrPink,818126114,11,7,f,-,-,-,10389,0,0,
mrPink,818126186,11,6,f,Q,-,-,10389,0,0,
mrPink,819512991,3,3,f,-,-,-,9714,0,0,
mrPink,819513025,3,2,B,-,-,-,9714,10,15,
mrPink,819513052,4,1,Bf,-,-,-,9719,5,0,
mrPink,819513108,4,4,f,-,-,-,9714,0,0,
mrPink,819513177,4,3,f,-,-,-,9714,0,0,
mrPink,819513187,4,2,Bc,kf,-,-,9714,35,0,
mrPink,819513205,4,1,Bf,-,-,-,9679,5,0,
mrPink,819513240,4,4,f,-,-,-,9674,0,0,
mrPink,819513246,4,3,f,-,-,-,9674,0,0,
mrPink,819513280,5,2,Bc,f,-,-,9674,30,0,
mrPink,819513315,5,1,Bf,-,-,-,9644,5,0,
mrPink,819513346,5,5,r,-,-,-,9639,25,40,
mrPink,819513357,5,4,f,-,-,-,9654,0,0,
mrPink,819513373,5,3,r,b,-,-,9654,100,150,
mrPink,819513409,5,2,Bk,b,-,-,9704,20,35,
mrPink,819513432,5,1,Bf,-,-,-,9719,5,0,
mrPink,819513454,5,5,f,-,-,-,9714,0,0,
mrPink,819513504,5,4,f,-,-,-,9714,0,0,
mrPink,819513538,5,3,f,-,-,-,9714,0,0,
mrPink,819513558,5,2,Bc,c,k,k,9714,140,315,8c,Qh
mrPink,819513636,5,1,Bf,-,-,-,9889,5,0,
mrPink,819513648,5,5,r,r,b,k,9884,1400,2835,Kh,Ac
mrPink,819513685,4,3,c,f,-,-,11319,10,0,
mrPink,819513735,4,2,Bk,b,-,-,11309,40,60,
mrPink,819513757,4,1,Br,-,-,-,11329,30,40,
mrPink,819513763,4,4,f,-,-,-,11339,0,0,
mrPink,819513793,4,3,c,b,-,-,11339,40,60,
mrPink,819513814,4,2,Bk,k,f,-,11359,10,0,
mrPink,819513837,4,1,Bf,-,-,-,11349,5,0,
mrPink,819513884,4,4,c,k,c,k,11344,45,0,8h,Th
mrPink,819513928,4,3,c,b,-,-,11299,35,50,
mrPink,819513950,5,3,f,-,-,-,11314,0,0,
mrPink,819513986,5,2,Bk,b,-,-,11314,35,50,
mrPink,819514004,5,1,Bc,b,-,-,11329,50,80,
mrPink,819514028,5,5,f,-,-,-,11359,0,0,
mrPink,819514048,5,4,r,-,-,-,11359,35,50,
mrPink,819514062,5,3,f,-,-,-,11374,0,0,
mrPink,819514136,6,2,Bc,k,b,-,11374,175,280,
mrPink,819514189,6,1,Br,k,k,b,11479,310,500,
mrPink,819514272,6,6,f,-,-,-,11669,0,0,
mrPink,819514313,5,5,r,b,k,b,11669,215,440,Js,5c
mrPink,819514358,5,4,c,k,k,b,11894,40,45,5d,Ks
mrPink,819514400,5,3,r,k,f,-,11899,35,0,
mrPink,819514441,5,2,Bk,k,cf,-,11864,40,0,
mrPink,819514498,5,1,Bc,kc,kf,-,11824,50,0,
mrPink,819514593,5,5,r,b,b,f,11774,465,0,
mrPink,819514689,5,4,c,b,-,-,11309,35,50,
mrPink,819514714,5,3,c,f,-,-,11324,10,0,
mrPink,819514773,5,2,Bk,f,-,-,11314,10,0,
mrPink,819514813,5,1,Bf,-,-,-,11304,5,0,
mrPink,819514853,5,5,fQ,-,-,-,11299,0,0,
mrPink,819514980,4,4,c,c,f,-,11299,45,0,
mrPink,819515051,4,3,Q,-,-,-,11254,0,0,
mrPink,819515279,4,3,rc,f,-,-,11254,405,0,
mrPink,819515334,3,2,Bk,k,k,k,10849,10,0,5d,Jd
mrPink,819515536,2,1,Bc,kf,-,-,10839,10,0,
mrPink,819515565,2,2,BQ,-,-,-,10829,10,15,
