nuxi,820317971,6,2,Bf,-,-,-,4051,10,0,
nuxi,820317993,6,1,Br,b,b,k,4041,270,540,Ks,Kc
nuxi,820318066,6,6,f,-,-,-,4311,0,0,
nuxi,820318094,6,5,f,-,-,-,4311,0,0,
nuxi,820318109,6,4,c,b,-,-,4311,40,60,
nuxi,820318131,5,2,f,-,-,-,4331,0,0,
nuxi,820318177,5,2,Br,b,-,-,4331,110,150,
nuxi,820318216,5,1,Bf,-,-,-,4371,5,0,
nuxi,820318235,5,5,c,f,-,-,4366,10,0,
nuxi,820318267,4,3,f,-,-,-,4356,0,0,
nuxi,820318291,4,3,f,-,-,-,4356,0,0,
nuxi,820318301,4,2,Br,b,-,-,4356,90,120,
nuxi,820318326,4,1,Bc,b,-,-,4386,30,40,
nuxi,820318344,4,4,f,-,-,-,4396,0,0,
nuxi,820318354,4,3,f,-,-,-,4396,0,0,
nuxi,820318392,4,2,Bk,kf,-,-,4396,10,0,
nuxi,820318416,4,1,Bc,b,kf,-,4386,50,0,
nuxi,820318451,4,4,f,-,-,-,4336,0,0,
nuxi,820318473,4,3,c,b,-,-,4336,50,80,
nuxi,820318496,4,2,Bk,f,-,-,4366,10,0,
nuxi,820318514,4,1,Bf,-,-,-,4356,5,0,
nuxi,820318536,4,4,f,-,-,-,4351,0,0,
nuxi,820318543,4,3,f,-,-,-,4351,0,0,
nuxi,820318581,4,2,B,-,-,-,4351,10,15,
nuxi,820318593,4,1,Bc,kf,-,-,4356,10,0,
nuxi,820318624,4,4,f,-,-,-,4346,0,0,
nuxi,820318640,4,3,c,k,k,k,4346,10,0,9c,8s
nuxi,820318675,4,2,B,-,-,-,4336,10,15,
nuxi,820318683,4,1,Bc,k,k,k,4341,10,0,Qc,5c
nuxi,820318713,4,4,r,-,-,-,4331,35,50,
nuxi,820318729,4,3,r,-,-,-,4346,35,50,
nuxi,820318740,4,2,Bf,-,-,-,4361,10,0,
nuxi,820318748,4,1,Bc,k,b,-,4351,30,40,
nuxi,820318772,4,4,f,-,-,-,4361,0,0,
nuxi,820318806,4,3,f,-,-,-,4361,0,0,
nuxi,820318817,4,2,Bf,-,-,-,4361,10,0,
nuxi,820318837,4,1,Bc,kf,-,-,4351,10,0,
nuxi,820318881,4,4,f,-,-,-,4341,0,0,
nuxi,820318921,4,3,f,-,-,-,4341,0,0,
nuxi,820318934,4,2,Bc,bf,-,-,4341,145,0,
nuxi,820318966,4,1,Bf,-,-,-,4196,5,0,
nuxi,820318998,4,4,cc,rf,-,-,4191,400,0,
nuxi,820319040,4,3,f,-,-,-,3791,0,0,
nuxi,820319067,4,2,Bc,kc,kc,kr,3791,3035,4050,
nuxi,820319122,4,1,Bf,-,-,-,4806,5,0,
nuxi,820319194,4,4,f,-,-,-,4801,0,0,
nuxi,820319214,4,3,f,-,-,-,4801,0,0,
nuxi,820319241,4,2,Bk,b,-,-,4801,40,60,
nuxi,820319265,4,1,Bf,-,-,-,4821,5,0,
nuxi,820319274,4,4,f,-,-,-,4816,0,0,
nuxi,820319299,4,3,f,-,-,-,4816,0,0,
nuxi,820319310,4,2,Bc,kf,-,-,4816,35,0,
nuxi,820319329,4,1,Bf,-,-,-,4781,5,0,
nuxi,820319352,4,4,f,-,-,-,4776,0,0,
nuxi,820319378,4,3,f,-,-,-,4776,0,0,
nuxi,820319390,4,2,Bf,-,-,-,4776,10,0,
nuxi,820319444,4,1,Bc,k,k,b,4766,30,0,Td,Jc
nuxi,820319497,3,3,f,-,-,-,4736,0,0,
nuxi,820319509,3,2,Br,b,k,f,4736,270,0,
nuxi,820319581,3,1,Bcc,kf,-,-,4466,40,0,
nuxi,820319615,3,3,f,-,-,-,4426,0,0,
nuxi,820319642,3,2,Br,b,-,-,4426,90,120,
nuxi,820319662,3,1,Bf,-,-,-,4456,5,0,
nuxi,820319670,3,3,cc,rc,k,k,4451,1210,0,9d,Tc
nuxi,820319731,3,2,Bf,-,-,-,3241,10,0,
nuxi,820319778,3,1,Bc,kc,kc,kf,3231,90,0,
nuxi,820319825,3,3,c,bf,-,-,3141,40,0,
nuxi,820319845,3,2,Bk,r,-,-,3101,90,120,
nuxi,820319869,3,1,Bcc,kf,-,-,3131,30,0,
nuxi,820319889,3,3,rf,-,-,-,3101,35,0,
nuxi,820319906,3,2,Bc,b,b,-,3066,270,360,
nuxi,820319935,3,1,Bcc,br,-,-,3156,810,1080,
nuxi,820319959,3,3,f,-,-,-,3426,0,0,
nuxi,820320002,3,2,Bf,-,-,-,3426,10,0,
nuxi,820320014,3,1,Bf,-,-,-,3416,5,0,
nuxi,820320025,3,3,f,-,-,-,3411,0,0,
nuxi,820320048,3,2,B,-,-,-,3411,10,15,
nuxi,820320055,3,1,Br,-,-,-,3416,30,40,
nuxi,820320065,3,3,c,k,b,-,3426,35,50,
nuxi,820320086,3,2,Bc,kc,k,b,3441,335,450,
nuxi,820320121,3,1,Bf,-,-,-,3556,5,0,
nuxi,820320133,3,3,f,-,-,-,3551,0,0,
nuxi,820320141,3,2,Bk,k,kc,kf,3551,40,0,
nuxi,820320189,3,1,Br,-,-,-,3511,30,40,
nuxi,820320198,3,3,f,-,-,-,3521,0,0,
nuxi,820320227,3,2,Bk,k,f,-,3521,10,0,
nuxi,820320270,3,1,Bcc,kc,k,kc,3511,270,0,Ad,Tc
nuxi,820320311,3,3,r,f,-,-,3241,35,0,
nuxi,820320360,3,2,Bk,kf,-,-,3206,10,0,
nuxi,820320384,3,1,Bc,kc,kf,-,3196,30,0,
nuxi,820320419,3,3,f,-,-,-,3166,0,0,
nuxi,820320428,3,2,Bc,kf,-,-,3166,35,0,
nuxi,820320452,3,1,Bf,-,-,-,3131,5,0,
nuxi,820320463,3,3,cc,f,-,-,3126,40,0,
nuxi,820320489,3,2,Bk,b,-,-,3086,40,60,
nuxi,820320507,3,1,Bf,-,-,-,3106,5,0,
nuxi,820320517,3,3,r,r,b,bA,3101,3101,6237,6s,6c
nuxi,820320571,3,2,Bk,k,kc,b,6237,130,180,
nuxi,820320666,3,1,Bc,kf,-,-,6287,35,0,
nuxi,820320714,2,2,r,-,-,-,6252,30,40,
nuxi,820320725,2,2,Bc,c,b,-,6262,270,360,
nuxi,820320758,2,1,Bf,-,-,-,6352,5,0,
nuxi,820320767,2,2,Bc,f,-,-,6347,30,0,
nuxi,820320781,2,1,Bc,kf,-,-,6317,10,0,
nuxi,820320799,2,2,Bk,f,-,-,6307,10,0,
nuxi,820320835,2,1,Bf,-,-,-,6297,5,0,
nuxi,820320841,2,2,Bf,-,-,-,6292,10,0,
nuxi,820320847,2,1,Bf,-,-,-,6282,5,0,
nuxi,820320852,2,2,B,-,-,-,6277,10,15,
nuxi,820320856,2,1,Bc,b,-,-,6282,30,40,
nuxi,820320873,2,2,B,-,-,-,6292,10,15,
nuxi,820320876,2,1,Bcc,b,-,-,6297,90,120,
nuxi,820320900,2,2,Bk,r,b,-,6327,270,360,
nuxi,820320921,2,1,Br,-,-,-,6417,30,40,
nuxi,820320931,2,2,Bk,b,-,-,6427,30,40,
nuxi,820320943,2,1,Bcf,-,-,-,6437,10,0,
nuxi,820320956,2,2,Bc,c,f,-,6427,90,0,
nuxi,820320983,2,1,Bc,b,b,kc,6337,270,0,9c,8d
nuxi,820321021,2,2,B,-,-,-,6067,10,15,
nuxi,820321026,2,1,Bf,-,-,-,6072,5,0,
nuxi,820321038,2,2,B,-,-,-,6067,10,15,
nuxi,820321043,2,1,Bc,b,-,-,6072,30,40,
nuxi,820321060,2,2,Bf,-,-,-,6082,10,0,
nuxi,820321073,2,1,Bf,-,-,-,6072,5,0,
