will[],818053448,8,7,f,-,-,-,3055,0,0,
will[],818053513,8,6,f,-,-,-,3055,0,0,
will[],818053570,8,5,c,k,k,k,3055,10,0,Ah,Qd
will[],818053645,9,4,c,f,-,-,3045,10,0,
will[],818053712,9,3,cf,-,Q,-,3035,10,0,
will[],818054080,7,5,f,-,-,-,3025,0,0,
will[],818054137,7,4,f,-,-,-,3025,0,0,
will[],818054162,7,3,f,-,-,-,3025,0,0,
will[],818054171,7,2,Bc,kf,-,-,3025,35,0,
will[],818054208,6,1,Bc,kc,k,b,2990,90,120,
will[],818054251,6,6,f,-,-,-,3020,0,0,
will[],818054302,6,5,f,-,-,-,3020,0,0,
will[],818054331,6,4,f,-,-,-,3020,0,0,
will[],818054369,6,3,c,k,b,-,3020,35,50,
will[],818054403,6,2,Bk,k,k,k,3035,10,30,6s,4s
will[],818054440,6,1,Bf,-,-,-,3055,5,0,
will[],818054497,6,6,c,f,-,-,3050,10,0,
will[],818054525,6,5,c,k,k,k,3040,10,0,8d,Td
will[],818054568,6,4,f,-,-,-,3030,0,0,
will[],818054596,6,3,c,k,k,k,3030,10,0,4s,3s
will[],818054640,6,2,Bk,kQ,-,-,3020,10,0,
will[],818055183,7,2,Bk,f,-,-,3010,10,0,
will[],818055237,7,1,Bc,kf,-,-,3000,10,0,
will[],818055273,7,7,f,-,-,-,2990,0,0,
will[],818055307,7,6,f,-,-,-,2990,0,0,
will[],818055365,6,4,f,-,-,-,2990,0,0,
will[],818055411,6,3,c,k,k,b,2990,50,80,
will[],818055465,6,2,Bf,-,-,-,3020,10,0,
will[],818055489,6,1,Bf,-,-,-,3010,5,0,
will[],818055524,6,6,f,-,-,-,3005,0,0,
will[],818055563,5,4,f,-,-,-,3005,0,0,
will[],818055605,5,3,f,Q,-,-,3005,0,0,
will[],818056386,6,4,c,k,b,-,3005,55,90,
will[],818056419,6,3,f,-,-,-,3040,0,0,
will[],818056471,6,2,Bk,k,k,k,3040,10,0,8c,4d
will[],818056520,6,1,Bc,k,k,k,3030,10,0,Jh,Qs
will[],818056567,5,5,f,-,-,-,3020,0,0,
will[],818056605,5,4,f,-,-,-,3020,0,0,
will[],818056618,5,3,f,-,-,-,3020,0,0,
will[],818056645,5,2,Bk,kcf,-,-,3020,170,0,
will[],818056727,5,1,Bf,-,-,-,2850,5,0,
will[],818056748,5,5,f,-,-,-,2845,0,0,
will[],818056770,5,4,f,-,-,-,2845,0,0,
will[],818056803,5,3,f,-,-,-,2845,0,0,
will[],818056854,5,2,Bk,kc,k,kc,2845,235,0,Jh,9h
will[],818056921,5,1,Bc,kf,-,-,2610,10,0,
will[],818056979,6,6,c,f,-,-,2600,35,0,
will[],818057002,6,5,f,-,-,-,2565,0,0,
will[],818057039,6,4,c,k,k,b,2565,55,90,
will[],818057082,6,3,f,-,-,-,2600,0,0,
will[],818057133,6,2,Bk,k,k,k,2600,10,0,Ts,9d
will[],818057199,6,1,Bc,kf,-,-,2590,10,0,
will[],818057229,6,6,c,f,-,-,2580,10,0,
will[],818057276,6,5,f,-,-,-,2570,0,0,
will[],818057311,6,4,f,-,-,-,2570,0,0,
will[],818057362,7,3,f,-,-,-,2570,0,0,
will[],818057415,7,2,Bf,-,-,-,2570,10,0,
will[],818057458,7,1,Bc,kf,-,-,2560,10,0,
will[],818057499,7,7,f,-,-,-,2550,0,0,
will[],818057548,7,6,f,-,-,-,2550,0,0,
will[],818057606,7,5,cc,kf,-,-,2550,65,0,
will[],818057710,7,4,f,-,-,-,2485,0,0,
will[],818057754,7,3,f,-,-,-,2485,0,0,
will[],818057800,7,2,Bk,kf,-,-,2485,10,0,
will[],818057856,7,1,Bf,-,-,-,2475,5,0,
will[],818057919,7,7,c,c,b,-,2470,170,240,
will[],818057994,7,6,f,-,-,-,2540,0,0,
will[],818058035,7,5,f,-,-,-,2540,0,0,
will[],818058080,7,4,f,-,-,-,2540,0,0,
will[],818058100,7,3,c,kc,k,k,2540,55,0,Jh,As
will[],818058174,7,2,Bk,k,f,-,2485,10,0,
will[],818058210,7,1,Bf,-,-,-,2475,5,0,
will[],818058226,7,7,c,k,f,-,2470,10,0,
will[],818058260,7,6,f,-,-,-,2460,0,0,
will[],818058327,7,5,f,-,-,-,2460,0,0,
will[],818058369,7,4,cc,f,-,-,2460,45,0,
will[],818058416,7,3,f,-,-,-,2415,0,0,
will[],818058442,7,2,Bf,-,-,-,2415,10,0,
will[],818058493,7,1,Bc,kc,kf,-,2405,50,0,
will[],818058543,7,7,f,-,-,-,2355,0,0,
will[],818058582,7,6,cc,f,-,-,2355,50,0,
will[],818058631,7,5,c,k,kf,-,2305,10,0,
will[],818058682,7,4,c,kf,-,-,2295,10,0,
will[],818058775,7,3,c,kc,kc,k,2285,150,0,4h,4d
will[],818058823,7,2,Bk,kf,-,-,2135,10,0,
will[],818058862,7,1,Bc,kc,kc,k,2125,170,360,Th,Td
will[],818058921,6,6,cc,k,k,f,2315,50,0,
will[],818058974,6,5,f,-,-,-,2265,0,0,
will[],818058999,6,4,c,f,-,-,2265,10,0,
will[],818059049,7,3,f,-,-,-,2255,0,0,
will[],818059114,7,2,Bk,k,b,-,2255,35,50,
will[],818059169,7,1,Bf,-,-,-,2270,5,0,
will[],818059192,7,7,f,-,-,-,2265,0,0,
will[],818059229,7,6,f,-,-,-,2265,0,0,
will[],818059266,7,5,c,kf,-,-,2265,10,0,
will[],818059295,7,4,c,kf,-,-,2255,10,0,
will[],818059332,7,3,f,-,-,-,2245,0,0,
will[],818059376,7,2,Bf,-,-,-,2245,10,0,
will[],818059415,8,1,Bc,kf,-,-,2235,120,0,
will[],818059456,8,8,f,-,-,-,2115,0,0,
will[],818059477,8,7,c,cc,cA,-,2115,2115,0,Jc,9c
