Aesop,818741394,9,9,f,-,-,-,3012,0,0,
Aesop,818741445,9,8,f,-,-,-,3012,0,0,
Aesop,818741495,8,7,c,k,k,k,3012,10,0,Jd,Ac
Aesop,818741551,8,5,f,-,-,-,3002,0,0,
Aesop,818741604,9,4,f,-,-,-,3002,0,0,
Aesop,818741722,10,3,f,-,-,-,3002,0,0,
Aesop,818741772,10,2,Bk,b,kc,k,3002,310,0,Jh,9h
Aesop,818741861,11,1,Bc,kc,kf,-,2692,40,0,
Aesop,818741916,11,11,c,f,-,-,2652,10,0,
Aesop,818741976,11,10,f,-,-,-,2642,0,0,
Aesop,818742014,11,9,f,-,-,-,2642,0,0,
Aesop,818742079,11,8,f,-,-,-,2642,0,0,
Aesop,818742148,11,7,f,-,-,-,2642,0,0,
Aesop,818742227,10,5,f,-,-,-,2642,0,0,
Aesop,818742304,9,3,f,-,-,-,2642,0,0,
Aesop,818742387,10,2,Bf,-,-,-,2642,10,0,
Aesop,818742445,10,1,Bcf,-,-,-,2632,10,0,
Aesop,818742520,11,11,c,k,k,f,2622,10,0,
Aesop,818742581,11,10,c,kf,-,-,2612,10,0,
Aesop,818742622,10,8,cc,kf,-,-,2602,75,0,
Aesop,818742665,11,8,c,k,f,-,2527,10,0,
Aesop,818742747,11,7,c,kc,k,k,2517,80,0,8s,9s
Aesop,818742827,12,6,f,-,-,-,2437,0,0,
Aesop,818742875,12,5,f,-,-,-,2437,0,0,
Aesop,818742929,12,4,f,-,-,-,2437,0,0,
Aesop,818742999,12,3,c,kf,-,-,2437,10,0,
Aesop,818743057,12,2,Bk,kf,-,-,2427,10,0,
Aesop,818743107,12,1,Bf,-,-,-,2417,5,0,
Aesop,818743201,12,12,f,-,-,-,2412,0,0,
Aesop,818743315,12,11,f,-,-,-,2412,0,0,
Aesop,818743420,12,10,f,-,-,-,2412,0,0,
Aesop,818743478,12,9,f,-,-,-,2412,0,0,
Aesop,818743544,12,8,c,kf,-,-,2412,10,0,
Aesop,818743582,12,7,f,-,-,-,2402,0,0,
Aesop,818743651,12,6,c,c,f,-,2402,40,0,
Aesop,818743757,12,5,f,-,-,-,2362,0,0,
Aesop,818743852,12,4,f,-,-,-,2362,0,0,
Aesop,818743920,12,3,f,-,-,-,2362,0,0,
Aesop,818744004,12,2,Bk,k,kc,c,2362,280,0,Jc,Qs
Aesop,818744097,12,1,Bc,k,kf,-,2082,10,0,
Aesop,818744174,12,12,c,f,-,-,2072,10,0,
Aesop,818744228,12,11,f,-,-,-,2062,0,0,
Aesop,818744305,12,10,c,f,-,-,2062,10,0,
Aesop,818744371,12,9,c,f,-,-,2052,10,0,
Aesop,818744446,12,8,f,-,-,-,2042,0,0,
Aesop,818744493,12,7,f,-,-,-,2042,0,0,
Aesop,818744669,12,6,f,-,-,-,2042,0,0,
Aesop,818744742,12,5,cf,-,-,-,2042,10,0,
Aesop,818744817,12,4,cf,-,-,-,2032,10,0,
Aesop,818744931,12,3,f,-,-,-,2022,0,0,
Aesop,818745008,12,2,Bk,kc,kc,k,2022,290,0,8c,9h
Aesop,818745077,12,1,Bc,kf,-,-,1732,10,0,
Aesop,818745188,12,12,c,c,c,b,1722,1050,2160,2s,Ks
Aesop,818745253,12,11,c,kf,-,-,2832,10,0,
Aesop,818745374,10,8,c,b,b,b,2822,1030,1440,
Aesop,818745444,9,6,c,k,f,-,3232,10,0,
Aesop,818745497,8,5,r,k,kc,kr,3222,1255,0,Kh,As
Aesop,818745589,9,4,c,b,k,k,1967,90,0,Ad,2h
Aesop,818745666,10,3,cc,kf,-,-,1877,65,0,
Aesop,818745730,10,2,Bf,-,-,-,1812,10,0,
Aesop,818745759,10,1,Bc,k,k,k,1802,10,0,Js,8s
Aesop,818745839,9,9,c,b,b,k,1792,290,0,7h,2s
Aesop,818745968,11,10,c,c,c,r,1502,1330,2850,Jh,Jd
Aesop,818746060,11,9,c,f,-,-,3022,10,0,
Aesop,818746136,12,9,f,-,-,-,3012,0,0,
Aesop,818746183,12,8,f,-,-,-,3012,0,0,
Aesop,818746297,10,6,f,-,-,-,3012,0,0,
Aesop,818746343,10,5,c,kf,-,-,3012,10,0,
Aesop,818746401,10,4,f,-,-,-,3002,0,0,
Aesop,818746473,10,3,f,-,-,-,3002,0,0,
Aesop,818746521,10,2,Bk,kc,kf,-,3002,80,0,
Aesop,818746597,10,1,Bf,-,-,-,2922,5,0,
Aesop,818746653,9,9,c,f,-,-,2917,10,0,
Aesop,818746700,9,8,f,-,-,-,2907,0,0,
Aesop,818746731,9,7,c,f,-,-,2907,10,0,
Aesop,818746809,10,7,f,-,-,-,2897,0,0,
Aesop,818746839,10,6,f,-,-,-,2897,0,0,
Aesop,818746910,11,6,f,-,-,-,2897,0,0,
Aesop,818746978,11,5,f,-,-,-,2897,0,0,
Aesop,818747042,11,4,c,cf,-,-,2897,33,0,
Aesop,818747140,11,3,c,k,k,k,2864,10,0,Ks,Tc
Aesop,818747204,11,2,Bk,kf,-,-,2854,10,0,
Aesop,818747273,12,1,Bf,-,-,-,2844,5,0,
Aesop,818747331,11,11,f,-,-,-,2839,0,0,
Aesop,818747381,11,10,c,b,k,k,2839,80,280,8d,9h
Aesop,818747443,11,9,f,-,-,-,3039,0,0,
Aesop,818747517,11,8,cf,-,-,-,3039,10,0,
Aesop,818747598,11,7,f,-,-,-,3029,0,0,
Aesop,818747656,11,6,f,-,-,-,3029,0,0,
Aesop,818747706,11,5,f,-,-,-,3029,0,0,
Aesop,818747759,11,4,c,f,-,-,3029,10,0,
Aesop,818747846,11,3,c,bc,kccA,-,3019,3019,0,Jh,Jc
Aesop,819008129,11,4,f,-,-,-,3318,0,0,
Aesop,819008224,10,2,Bf,-,-,-,3318,10,0,
Aesop,819008301,10,1,Bc,kr,-,-,3308,310,480,
Aesop,819008359,10,10,c,f,-,-,3478,10,0,
Aesop,819008439,10,9,f,-,-,-,3468,0,0,
Aesop,819008493,11,8,c,kf,-,-,3468,10,0,
Aesop,819008608,11,7,c,k,f,-,3458,10,0,
Aesop,819008728,11,6,f,-,-,-,3448,0,0,
Aesop,819008786,11,5,c,kf,-,-,3448,10,0,
Aesop,819008856,11,4,c,b,-,-,3438,75,130,
Aesop,819008915,11,3,rc,kf,-,-,3493,155,0,
Aesop,819009009,12,2,Brc,kc,kc,kcA,3338,3338,0,As,Ac
