Jupiler,818473110,6,4,cc,kf,-,-,3221,55,0,
Jupiler,818473172,6,3,f,-,-,-,3166,0,0,
Jupiler,818473197,7,2,Bk,bc,kc,k,3166,350,720,Td,4h
Jupiler,818473305,7,1,Bf,-,-,-,3536,5,0,
Jupiler,818473349,7,7,f,-,-,-,3531,0,0,
Jupiler,818473373,7,6,f,-,-,-,3531,0,0,
Jupiler,818473397,7,5,c,b,-,-,3531,35,50,
Jupiler,818473421,7,4,cf,-,-,-,3546,10,0,
Jupiler,818473468,7,4,c,c,kf,-,3536,50,0,
Jupiler,818473538,7,2,Bf,-,-,-,3486,10,0,
Jupiler,818473560,8,1,Bf,-,-,-,3476,5,0,
Jupiler,818473594,7,7,f,-,-,-,3471,0,0,
Jupiler,818473607,7,6,c,f,-,-,3471,10,0,
Jupiler,818473657,6,5,f,-,-,-,3461,0,0,
Jupiler,818473682,7,5,f,-,-,-,3461,0,0,
Jupiler,818473694,7,4,f,-,-,-,3461,0,0,
Jupiler,818473747,7,3,f,-,-,-,3461,0,0,
Jupiler,818473761,7,2,Bf,-,-,-,3461,10,0,
Jupiler,818473774,7,1,Bf,-,-,-,3451,5,0,
Jupiler,818473830,7,7,f,-,-,-,3446,0,0,
Jupiler,818473886,6,5,rc,c,f,-,3446,245,0,
Jupiler,818473966,6,4,r,b,-,-,3201,115,180,
Jupiler,818474009,5,3,f,-,-,-,3266,0,0,
Jupiler,818474034,5,2,Bk,kf,-,-,3266,10,0,
Jupiler,818474071,3,1,Br,-,-,-,3256,30,40,
Jupiler,818474096,3,3,r,-,-,-,3266,25,40,
Jupiler,818474110,3,2,Bk,b,-,-,3281,30,40,
Jupiler,818474133,3,1,Bf,-,-,-,3291,5,0,
Jupiler,818474141,3,3,Q,-,-,-,3286,0,0,
