wheelboy,818198795,6,6,f,-,-,-,3129,0,0,
wheelboy,818198953,5,4,f,-,-,-,3129,0,0,
wheelboy,818198990,5,3,f,-,-,-,3129,0,0,
wheelboy,818199005,5,2,Bf,-,-,-,3129,10,0,
wheelboy,818199042,5,1,Bf,-,-,-,3119,5,0,
wheelboy,818199091,6,6,f,-,-,-,3114,0,0,
wheelboy,818199152,6,5,f,-,-,-,3114,0,0,
wheelboy,818199177,6,4,r,-,-,-,3114,35,50,
wheelboy,818199189,6,3,f,-,-,-,3129,0,0,
wheelboy,818199234,6,2,Bc,kf,-,-,3129,35,0,
wheelboy,818199274,5,1,Bc,bf,-,-,3094,50,0,
wheelboy,818199308,5,5,f,-,-,-,3044,0,0,
wheelboy,818199378,5,4,f,-,-,-,3044,0,0,
wheelboy,818199558,4,3,f,-,-,-,3044,0,0,
wheelboy,818199559,4,2,Bf,-,-,-,3044,10,0,
wheelboy,818199596,4,1,Bc,kf,-,-,3034,10,0,
wheelboy,818199661,4,4,f,-,-,-,3024,0,0,
wheelboy,818199685,4,3,f,-,-,-,3024,0,0,
wheelboy,818199730,4,2,B,-,-,-,3024,10,15,
wheelboy,818199731,4,1,Bc,k,k,k,3029,10,0,3c,4c
wheelboy,818199756,4,4,f,-,-,-,3019,0,0,
wheelboy,818199763,4,3,f,-,-,-,3019,0,0,
wheelboy,818199794,4,2,Bk,f,-,-,3019,10,0,
wheelboy,818199849,4,1,Bf,-,-,-,3009,5,0,
wheelboy,818199892,4,4,r,b,-,-,3004,115,160,
wheelboy,818199912,4,3,f,-,-,-,3049,0,0,
wheelboy,818199964,5,2,Bk,kf,-,-,3049,10,0,
wheelboy,818200008,5,1,Bc,kf,-,-,3039,10,0,
wheelboy,818200044,6,6,f,-,-,-,3029,0,0,
wheelboy,818200076,6,5,f,-,-,-,3029,0,0,
wheelboy,818200091,6,4,f,-,-,-,3029,0,0,
wheelboy,818200132,6,3,f,-,-,-,3029,0,0,
wheelboy,818200213,6,2,Bk,kc,k,k,3029,35,75,3s,3c
wheelboy,818200264,5,1,Bc,k,kf,-,3069,10,0,
wheelboy,818200369,5,5,f,-,-,-,3059,0,0,
wheelboy,818200430,5,4,f,-,-,-,3059,0,0,
wheelboy,818200494,5,3,KQ,-,-,-,3059,0,0,
wheelboy,818201061,5,3,f,-,-,-,3059,0,0,
wheelboy,818201097,5,2,Bk,kf,-,-,3059,10,0,
wheelboy,818201135,4,1,Bf,-,-,-,3049,5,0,
wheelboy,818201150,4,4,r,k,k,b,3044,115,240,Ah,Kd
wheelboy,818201200,5,4,f,-,-,-,3169,0,0,
wheelboy,818201296,4,2,Bk,k,f,-,3169,10,0,
wheelboy,818201340,3,1,Bc,b,b,k,3159,355,360,As,5h
wheelboy,818201541,4,3,KQ,-,-,-,3164,0,0,
wheelboy,818923763,3,2,Bf,-,-,-,3014,10,0,
wheelboy,818923829,3,1,Bf,-,-,-,3004,5,0,
wheelboy,818923841,3,3,f,-,-,-,2999,0,0,
wheelboy,818923886,3,2,B,-,-,-,2999,10,20,
wheelboy,818924016,2,1,BQ,-,-,-,3009,5,0,
wheelboy,819505380,6,6,f,-,-,-,3004,0,0,
wheelboy,819505428,6,5,f,-,-,-,3004,0,0,
wheelboy,819505442,6,4,f,-,-,-,3004,0,0,
wheelboy,819505507,6,3,cc,kf,-,-,3004,39,0,
wheelboy,819505575,5,1,Bk,kf,-,-,2965,10,0,
wheelboy,819505615,5,1,Bf,-,-,-,2955,5,0,
wheelboy,819505646,5,5,r,b,-,-,2950,85,125,
wheelboy,819505678,5,4,f,-,-,-,2990,0,0,
wheelboy,819505689,5,3,f,-,-,-,2990,0,0,
wheelboy,819505719,5,2,Bk,kr,-,-,2990,150,220,
wheelboy,819505800,5,1,Bc,kf,-,-,3060,35,0,
wheelboy,819505822,5,5,r,b,k,b,3025,160,325,9d,9s
wheelboy,819505881,5,4,f,-,-,-,3190,0,0,
wheelboy,819505911,5,4,f,-,-,-,3190,0,0,
wheelboy,819505932,4,2,Bc,c,f,-,3190,100,0,
wheelboy,819505976,4,1,Bc,kr,b,kf,3090,665,0,
wheelboy,819506056,5,4,r,-,-,-,2425,35,50,
wheelboy,819506073,5,3,f,-,-,-,2440,0,0,
wheelboy,819506098,5,2,Bf,-,-,-,2440,10,0,
wheelboy,819506113,5,1,Br,-,-,-,2430,30,40,
wheelboy,819506130,5,5,f,-,-,-,2440,0,0,
wheelboy,819506148,5,4,f,-,-,-,2440,0,0,
wheelboy,819506172,5,3,f,-,-,-,2440,0,0,
wheelboy,819506182,5,2,Bk,kf,-,-,2440,10,0,
wheelboy,819506217,5,1,Br,k,b,-,2430,90,120,
wheelboy,819506273,5,5,r,k,b,-,2460,110,150,
wheelboy,819506316,5,4,f,-,-,-,2500,0,0,
wheelboy,819506362,5,3,cc,f,-,-,2500,50,0,
wheelboy,819506390,5,2,Bk,bf,-,-,2450,50,0,
wheelboy,819506453,5,1,Bf,-,-,-,2400,5,0,
wheelboy,819506495,4,4,r,bf,-,-,2395,110,0,
wheelboy,819506527,4,3,f,-,-,-,2285,0,0,
wheelboy,819506540,4,2,Bk,b,k,b,2285,130,0,6s,9d
wheelboy,819506600,4,1,Br,kf,-,-,2155,30,0,
wheelboy,819506643,4,4,f,-,-,-,2125,0,0,
wheelboy,819506648,4,3,f,-,-,-,2125,0,0,
wheelboy,819506678,4,2,Bk,b,b,b,2125,400,540,
wheelboy,819506712,4,1,Bf,-,-,-,2265,5,0,
wheelboy,819506723,4,4,f,-,-,-,2260,0,0,
wheelboy,819506744,4,3,r,k,k,kf,2260,35,0,
wheelboy,819506803,4,2,Br,b,-,-,2225,110,150,
wheelboy,819506840,4,1,Bf,-,-,-,2265,5,0,
wheelboy,819506914,4,4,f,-,-,-,2260,0,0,
wheelboy,819506953,4,3,f,-,-,-,2260,0,0,
wheelboy,819506971,4,2,B,-,-,-,2260,10,15,
wheelboy,819506979,4,1,Bf,-,-,-,2265,5,0,
wheelboy,819506986,4,4,c,k,b,-,2260,120,170,
wheelboy,819507011,4,3,r,b,k,f,2310,110,0,
wheelboy,819507042,4,2,B,-,-,-,2200,10,15,
wheelboy,819507054,4,1,Bc,kf,-,-,2205,10,0,
wheelboy,819507094,4,4,r,b,-,-,2195,110,150,
wheelboy,819507117,4,3,f,-,-,-,2235,0,0,
wheelboy,819507149,4,2,B,-,-,-,2235,10,15,
wheelboy,819507157,4,1,Bc,kc,k,b,2240,455,945,Th,Qd
wheelboy,819507190,4,4,f,-,-,-,2730,0,0,
wheelboy,819507214,4,3,f,-,-,-,2730,0,0,
wheelboy,819507220,4,2,Bk,k,b,-,2730,35,50,
wheelboy,819507247,4,1,Br,-,-,-,2745,30,40,
wheelboy,819507258,4,4,f,-,-,-,2755,0,0,
wheelboy,819507265,4,3,f,-,-,-,2755,0,0,
wheelboy,819507272,4,2,Bf,-,-,-,2755,10,0,
wheelboy,819507351,4,1,Bf,-,-,-,2745,5,0,
wheelboy,819507360,4,4,r,b,-,-,2740,115,160,
wheelboy,819507396,4,3,f,-,-,-,2785,0,0,
wheelboy,819507423,4,2,Bk,kc,kf,-,2785,35,0,
wheelboy,819507453,4,1,Bc,k,kf,-,2750,10,0,
wheelboy,819507481,4,4,f,-,-,-,2740,0,0,
wheelboy,819507500,4,3,f,-,-,-,2740,0,0,
wheelboy,819507522,4,2,Bf,-,-,-,2740,10,0,
wheelboy,819507529,4,1,Bf,-,-,-,2730,5,0,
wheelboy,819507546,4,4,f,-,-,-,2725,0,0,
wheelboy,819507582,4,3,r,kf,-,-,2725,35,0,
wheelboy,819507633,3,1,Bk,kf,-,-,2690,10,0,
wheelboy,819507675,3,1,Br,-,-,-,2680,30,40,
wheelboy,819507687,3,3,r,b,b,k,2690,315,640,Kh,Tc
wheelboy,819507729,3,2,BQ,-,-,-,3015,10,0,
wheelboy,819872006,7,4,f,-,-,-,3005,0,0,
wheelboy,819872033,7,3,f,-,-,-,3005,0,0,
wheelboy,819872098,7,2,Bk,b,-,-,3005,45,70,
wheelboy,819872126,7,1,Bc,kf,-,-,3030,10,0,
wheelboy,819872166,7,7,f,-,-,-,3020,0,0,
wheelboy,819872207,7,6,f,-,-,-,3020,0,0,
wheelboy,819872240,7,5,cc,k,k,k,3020,55,0,4d,4c
wheelboy,819872343,7,4,f,-,-,-,2965,0,0,
wheelboy,819872412,7,3,f,-,-,-,2965,0,0,
wheelboy,819872449,7,2,Bk,kf,-,-,2965,10,0,
wheelboy,819872476,7,1,Bc,b,-,-,2955,40,60,
wheelboy,819872500,7,7,f,-,-,-,2975,0,0,
wheelboy,819872549,7,6,f,-,-,-,2975,0,0,
wheelboy,819872597,7,5,f,-,-,-,2975,0,0,
wheelboy,819872635,7,4,f,-,-,-,2975,0,0,
wheelboy,819872669,7,3,c,k,k,k,2975,10,0,9c,8c
wheelboy,819872737,7,2,Bk,k,f,-,2965,10,0,
wheelboy,819872777,7,1,Bf,-,-,-,2955,5,0,
wheelboy,819872801,7,7,f,-,-,-,2950,0,0,
wheelboy,819872927,7,6,c,c,k,k,2950,60,0,9d,Jd
wheelboy,819873065,6,4,f,-,-,-,2890,0,0,
wheelboy,819873098,6,3,f,-,-,-,2890,0,0,
wheelboy,819873128,7,3,rc,kc,k,b,2890,775,1165,
wheelboy,819873182,7,2,Bk,k,kf,-,3280,10,0,
wheelboy,819873239,7,1,Bcf,-,-,-,3270,10,0,
wheelboy,819873322,7,7,r,b,-,-,3260,150,210,
wheelboy,819873350,7,6,f,-,-,-,3320,0,0,
wheelboy,819873395,7,5,f,-,-,-,3320,0,0,
wheelboy,819873468,7,4,f,-,-,-,3320,0,0,
wheelboy,819873532,7,3,fQ,-,-,-,3320,0,0,
wheelboy,819874496,7,4,c,f,-,-,3320,10,0,
wheelboy,819874541,7,3,f,-,-,-,3310,0,0,
wheelboy,819874612,7,2,Bk,kf,-,-,3310,10,0,
wheelboy,819874655,7,1,Bf,-,-,-,3300,5,0,
wheelboy,819874701,7,7,f,-,-,-,3295,0,0,
wheelboy,819874724,7,6,f,-,-,-,3295,0,0,
wheelboy,819874781,7,5,c,k,b,k,3295,70,0,Ts,Js
wheelboy,819874873,7,4,f,-,-,-,3225,0,0,
wheelboy,819874901,6,3,cc,kf,-,-,3225,55,0,
wheelboy,819875018,7,2,Bk,k,b,k,3170,60,0,5d,4d
wheelboy,819875089,7,1,Bc,kf,-,-,3110,10,0,
wheelboy,819875128,7,7,f,-,-,-,3100,0,0,
wheelboy,819875161,7,6,f,-,-,-,3100,0,0,
wheelboy,819875213,8,5,cf,-,-,-,3100,10,0,
wheelboy,819875252,8,4,c,b,-,-,3090,75,130,
wheelboy,819875287,7,2,Bf,-,-,-,3145,10,0,
wheelboy,819875306,7,1,Bc,k,k,b,3135,60,150,Js,8d
wheelboy,819875377,7,7,f,-,-,-,3225,0,0,
wheelboy,819875437,7,6,f,-,-,-,3225,0,0,
wheelboy,819875493,6,5,f,-,-,-,3225,0,0,
wheelboy,819875532,6,4,f,-,-,-,3225,0,0,
wheelboy,819875564,6,3,f,-,-,-,3225,0,0,
wheelboy,819875620,6,2,Bf,-,-,-,3225,10,0,
wheelboy,819875678,6,1,Bf,-,-,-,3215,5,0,
wheelboy,819875737,6,6,r,b,bf,-,3210,455,0,
wheelboy,819875785,6,5,f,-,-,-,2755,0,0,
wheelboy,819875853,6,4,f,-,-,-,2755,0,0,
wheelboy,819875934,6,3,c,b,b,k,2755,150,315,
wheelboy,819876015,6,2,Bc,k,b,-,2920,110,150,
wheelboy,819876050,6,1,B,-,-,-,2960,5,15,
wheelboy,819876068,5,5,f,-,-,-,2970,0,0,
wheelboy,819876094,5,5,c,k,k,b,2970,45,70,
wheelboy,819876182,5,4,f,-,-,-,2995,0,0,
wheelboy,819876197,5,3,r,-,-,-,2995,35,50,
wheelboy,819876228,5,2,Bf,-,-,-,3010,10,0,
wheelboy,819876243,5,1,Bc,k,k,k,3000,10,30,7d,9d
wheelboy,819876306,5,5,f,-,-,-,3020,0,0,
wheelboy,819876317,5,4,f,-,-,-,3020,0,0,
wheelboy,819876347,5,3,f,-,-,-,3020,0,0,
wheelboy,819876373,5,2,Bk,kf,-,-,3020,10,0,
wheelboy,819876402,5,1,Bc,bf,-,-,3010,40,0,
wheelboy,819876434,5,5,r,b,-,-,2970,140,210,
wheelboy,819876458,5,4,f,-,-,-,3040,0,0,
wheelboy,819876493,5,3,f,-,-,-,3040,0,0,
wheelboy,819876506,5,2,B,-,-,-,3040,10,15,
wheelboy,819876514,5,1,Bf,-,-,-,3045,5,0,
wheelboy,819876526,5,5,f,-,-,-,3040,0,0,
wheelboy,819876540,5,4,f,-,-,-,3040,0,0,
wheelboy,819876563,4,3,f,-,-,-,3040,0,0,
wheelboy,819876595,3,2,Bk,k,Q,-,3040,10,0,
wheelboy,819877592,2,2,Brr,-,-,-,3030,810,1080,
wheelboy,819877612,2,1,Brrr,-,-,-,3300,1810,2620,
wheelboy,819877647,2,2,BrrQ,-,-,-,4110,810,3240,
