bagTHIS,818152391,8,8,f,-,-,-,3030,0,0,
bagTHIS,818152437,8,7,c,f,-,-,3030,35,0,
bagTHIS,818152476,8,6,r,br,-,-,2995,1995,2700,
bagTHIS,818152553,8,5,f,-,-,-,3700,0,0,
bagTHIS,818152607,8,4,f,-,-,-,3700,0,0,
bagTHIS,818152654,8,3,f,-,-,-,3700,0,0,
bagTHIS,818152697,8,2,Bk,kc,b,-,3700,235,360,
bagTHIS,818152761,8,1,Bf,-,-,-,3825,5,0,
bagTHIS,818152774,8,8,f,-,-,-,3820,0,0,
bagTHIS,818152789,8,7,f,-,-,-,3820,0,0,
bagTHIS,818152809,8,6,f,-,-,-,3820,0,0,
bagTHIS,818152857,8,5,f,-,-,-,3820,0,0,
bagTHIS,818152893,8,4,f,-,-,-,3820,0,0,
bagTHIS,818152927,8,3,f,-,-,-,3820,0,0,
bagTHIS,818152955,8,2,Bf,-,-,-,3820,10,0,
bagTHIS,818153011,8,1,Bc,kf,-,-,3810,10,0,
bagTHIS,818153047,8,8,r,-,-,-,3800,45,70,
bagTHIS,818153087,8,7,f,-,-,-,3825,0,0,
bagTHIS,818153133,8,6,f,-,-,-,3825,0,0,
bagTHIS,818153147,8,5,f,-,-,-,3825,0,0,
bagTHIS,818153344,8,4,f,-,-,-,3825,0,0,
bagTHIS,818153382,8,3,f,-,-,-,3825,0,0,
bagTHIS,818153428,8,2,Bf,-,-,-,3825,10,0,
bagTHIS,818153454,8,1,Bc,kf,-,-,3815,10,0,
bagTHIS,818153492,7,7,r,-,-,-,3805,35,50,
bagTHIS,818153504,7,6,f,-,-,-,3820,0,0,
bagTHIS,818153557,7,5,f,-,-,-,3820,0,0,
bagTHIS,818153647,7,4,f,-,-,-,3820,0,0,
bagTHIS,818153711,7,3,cc,kf,-,-,3820,40,0,
bagTHIS,818153797,6,1,Bk,kf,-,-,3780,10,0,
bagTHIS,818153850,6,1,Br,b,kf,-,3770,90,0,
bagTHIS,818153897,6,6,f,-,-,-,3680,0,0,
bagTHIS,818153917,6,5,f,-,-,-,3680,0,0,
bagTHIS,818153981,6,4,c,b,-,-,3680,40,60,
bagTHIS,818154040,6,3,f,-,-,-,3700,0,0,
bagTHIS,818154096,6,2,Bk,b,-,-,3700,40,60,
bagTHIS,818154134,6,1,Bc,k,k,kf,3720,10,0,
bagTHIS,818154227,6,6,c,c,k,k,3710,50,0,4c,Ac
bagTHIS,818154306,6,5,f,-,-,-,3660,0,0,
bagTHIS,818154348,6,4,f,-,-,-,3660,0,0,
bagTHIS,818154379,6,3,f,-,-,-,3660,0,0,
bagTHIS,818154448,6,2,Bk,k,k,k,3660,10,0,7h,4d
bagTHIS,818154508,6,1,Bc,kf,-,-,3650,10,0,
bagTHIS,818154614,6,6,f,-,-,-,3640,0,0,
bagTHIS,818154670,7,5,c,b,-,-,3640,40,60,
bagTHIS,818154704,6,3,f,-,-,-,3660,0,0,
bagTHIS,818154715,6,2,BQ,-,-,-,3660,10,0,
bagTHIS,818196370,5,4,f,-,-,-,3650,0,0,
bagTHIS,818196421,5,3,f,-,-,-,3650,0,0,
bagTHIS,818196457,5,2,Bf,-,-,-,3650,10,0,
bagTHIS,818196465,5,1,Bc,bf,-,-,3640,115,0,
bagTHIS,818196535,5,5,f,-,-,-,3525,0,0,
bagTHIS,818196572,5,4,f,-,-,-,3525,0,0,
bagTHIS,818196606,5,3,f,-,-,-,3525,0,0,
bagTHIS,818196664,5,2,Bf,-,-,-,3525,10,0,
bagTHIS,818196696,5,1,Br,b,-,-,3515,210,320,
bagTHIS,818196737,4,4,f,-,-,Q,3625,0,0,
bagTHIS,818227560,6,3,f,-,-,-,4540,0,0,
bagTHIS,818227608,6,2,Bf,-,-,-,4540,10,0,
bagTHIS,818227675,7,1,Br,kc,bc,b,4530,3640,4860,
bagTHIS,818227756,7,7,f,-,-,-,5750,0,0,
bagTHIS,818227819,7,6,f,-,-,-,5750,0,0,
bagTHIS,818227865,8,5,f,-,-,-,5750,0,0,
bagTHIS,818227917,8,4,f,-,-,-,5750,0,0,
bagTHIS,818227977,8,3,fQ,-,-,-,5750,0,0,
bagTHIS,818741604,9,9,c,f,-,-,5760,10,0,
bagTHIS,818741722,10,9,c,k,f,-,5750,10,0,
bagTHIS,818741772,10,8,c,f,-,-,5740,10,0,
bagTHIS,818741861,11,8,f,-,-,-,5730,0,0,
bagTHIS,818741916,11,7,f,-,-,-,5730,0,0,
bagTHIS,818741976,11,6,r,-,-,-,5730,45,105,
bagTHIS,818742014,11,5,f,-,-,-,5790,0,0,
bagTHIS,818742079,11,4,c,kf,-,-,5790,10,0,
bagTHIS,818742148,11,3,Q,-,-,-,5780,0,0,
bagTHIS,818742445,10,9,f,-,-,-,5780,0,0,
bagTHIS,818742520,11,9,c,k,k,f,5780,10,0,
bagTHIS,818742581,11,8,f,-,-,-,5770,0,0,
bagTHIS,818742622,10,6,f,-,-,-,5770,0,0,
bagTHIS,818742665,11,6,f,-,-,-,5770,0,0,
bagTHIS,818742747,11,5,f,-,-,-,5770,0,0,
bagTHIS,818742827,12,4,r,b,-,-,5770,240,390,
bagTHIS,818742875,12,3,f,-,-,-,5920,0,0,
bagTHIS,818742929,12,2,Bk,b,kc,kf,5920,100,0,
bagTHIS,818742999,12,1,Bc,kf,-,-,5820,10,0,
bagTHIS,818743057,12,12,f,-,-,-,5810,0,0,
bagTHIS,818743107,12,11,f,-,-,-,5810,0,0,
bagTHIS,818743201,12,10,f,-,-,-,5810,0,0,
bagTHIS,818743315,12,9,f,-,-,-,5810,0,0,
bagTHIS,818743420,12,8,f,-,-,-,5810,0,0,
bagTHIS,818743478,12,7,r,f,-,-,5810,65,0,
bagTHIS,818743544,12,6,f,-,-,-,5745,0,0,
bagTHIS,818743582,12,5,f,-,-,-,5745,0,0,
bagTHIS,818743651,12,4,f,-,-,-,5745,0,0,
bagTHIS,818743757,12,3,f,-,-,-,5745,0,0,
bagTHIS,818743852,12,2,Bf,-,-,-,5745,10,0,
bagTHIS,818743920,12,1,Bc,kf,-,-,5735,10,0,
bagTHIS,818744004,12,12,c,k,f,-,5725,10,0,
bagTHIS,818744097,12,11,c,k,f,-,5715,10,0,
bagTHIS,818744174,12,10,c,f,-,-,5705,10,0,
bagTHIS,818744228,12,9,c,b,b,b,5695,660,900,
bagTHIS,818744305,12,8,c,f,-,-,5935,10,0,
bagTHIS,818744371,12,7,c,f,-,-,5925,10,0,
bagTHIS,818744446,12,6,f,-,-,-,5915,0,0,
bagTHIS,818744493,12,5,rc,kc,b,kf,5915,2555,0,
bagTHIS,818744669,12,4,r,kf,-,-,3360,35,0,
bagTHIS,818744742,12,3,f,-,-,-,3325,0,0,
bagTHIS,818744817,12,2,Bc,kf,-,-,3325,65,0,
bagTHIS,818744931,12,1,Bc,kf,-,-,3260,10,0,
bagTHIS,818745008,12,12,c,f,-,-,3250,10,0,
bagTHIS,818745077,12,11,f,-,-,-,3240,0,0,
bagTHIS,818745188,12,10,f,-,-,-,3240,0,0,
bagTHIS,818745253,12,9,f,-,-,-,3240,0,0,
bagTHIS,818745374,10,6,f,-,-,-,3240,0,0,
bagTHIS,818745444,9,4,f,-,-,-,3240,0,0,
bagTHIS,818745497,8,3,f,-,-,-,3240,0,0,
bagTHIS,818745589,9,2,Bk,kf,-,-,3240,10,0,
bagTHIS,818745666,10,1,Bf,-,-,-,3230,5,0,
bagTHIS,818745730,10,10,c,f,-,-,3225,45,0,
bagTHIS,818745759,10,9,f,-,-,-,3180,0,0,
bagTHIS,818745839,9,7,c,kc,kc,k,3180,290,630,5d,4d
bagTHIS,818745968,11,8,f,-,-,-,3520,0,0,
bagTHIS,818746060,11,7,c,f,-,-,3520,10,0,
bagTHIS,818746136,12,7,f,-,-,-,3510,0,0,
bagTHIS,818746183,12,6,rc,r,bA,-,3510,3510,7060,Qh,Qs
bagTHIS,818746297,10,4,f,-,-,-,7060,0,0,
bagTHIS,818746343,10,3,f,-,-,-,7060,0,0,
bagTHIS,818746401,10,2,Bk,kc,k,b,7060,210,480,Jc,Qd
bagTHIS,818746473,10,1,Bc,kf,-,-,7330,10,0,
bagTHIS,818746521,10,10,c,c,f,-,7320,80,0,
bagTHIS,818746597,10,9,r,b,k,k,7240,235,0,Kc,Jc
bagTHIS,818746653,9,7,c,f,-,-,7005,10,0,
bagTHIS,818746700,9,6,f,-,-,-,6995,0,0,
bagTHIS,818746731,9,5,f,-,-,-,6995,0,0,
bagTHIS,818746809,10,5,r,b,-,-,6995,150,210,
bagTHIS,818746839,10,4,c,kc,b,k,7055,360,1120,Jd,Tc
bagTHIS,818746910,11,4,r,b,k,k,7815,285,0,Kd,Qs
bagTHIS,818746978,11,3,f,-,-,-,7530,0,0,
bagTHIS,818747042,11,2,Bk,f,-,-,7530,10,0,
bagTHIS,818747140,11,1,Bc,k,k,k,7520,10,0,Td,Qd
bagTHIS,818747204,11,11,c,f,-,-,7510,10,0,
bagTHIS,818747273,12,11,r,bf,-,-,7500,235,0,
bagTHIS,818747331,11,9,f,-,-,-,7265,0,0,
bagTHIS,818747381,11,8,f,-,-,-,7265,0,0,
bagTHIS,818747443,11,7,f,-,-,-,7265,0,0,
bagTHIS,818747517,11,6,f,-,-,-,7265,0,0,
bagTHIS,818747598,11,5,f,-,-,-,7265,0,0,
bagTHIS,818747656,11,4,f,-,-,-,7265,0,0,
bagTHIS,818747706,11,3,f,-,-,-,7265,0,0,
bagTHIS,818747759,11,2,Bk,b,b,kc,7265,920,0,Ks,8d
bagTHIS,818747846,11,1,Bc,kf,-,-,6345,10,0,
bagTHIS,818747926,10,10,f,-,-,-,6335,0,0,
bagTHIS,818748005,10,9,f,-,-,-,6335,0,0,
bagTHIS,818748061,10,8,f,-,-,-,6335,0,0,
bagTHIS,818748133,10,8,f,-,-,-,6335,0,0,
bagTHIS,818748210,9,6,f,-,-,-,6335,0,0,
bagTHIS,818748296,9,5,f,-,-,-,6335,0,0,
bagTHIS,818748381,8,3,r,b,-,-,6335,120,170,
bagTHIS,818748412,6,2,Bk,b,k,b,6385,90,180,Qs,5c
bagTHIS,818748456,6,1,Bc,kf,-,-,6475,10,0,
bagTHIS,818748484,6,6,c,f,-,-,6465,10,0,
bagTHIS,818748576,6,5,c,k,f,-,6455,10,0,
bagTHIS,818748632,6,4,f,-,-,-,6445,0,0,
bagTHIS,818748679,5,2,r,b,-,-,6445,130,200,
bagTHIS,818748701,5,2,Bk,k,k,b,6515,35,75,Js,Ac
bagTHIS,818748748,4,1,Bc,kf,-,-,6555,10,0,
bagTHIS,818748789,4,4,f,-,-,-,6545,0,0,
bagTHIS,818748815,4,3,r,b,-,-,6545,175,280,
bagTHIS,818748840,4,2,Bk,k,k,k,6650,10,40,2h,Jh
bagTHIS,818748873,4,1,Bc,k,kf,-,6680,10,0,
bagTHIS,818748911,4,4,f,-,-,-,6670,0,0,
bagTHIS,818748936,4,3,fQ,-,-,-,6670,0,0,
