Gringo,818471138,3,2,Bf,-,-,-,3322,10,0,
Gringo,818471161,4,1,Bf,-,-,-,3312,5,0,
Gringo,818471168,4,4,f,-,-,-,3307,0,0,
Gringo,818471191,5,4,f,-,-,-,3307,0,0,
Gringo,818471256,4,2,f,-,-,-,3307,0,0,
Gringo,818471283,5,2,Bf,-,-,-,3307,10,0,
Gringo,818471306,6,1,Bf,-,-,-,3297,5,0,
Gringo,818471362,5,5,f,-,-,-,3292,0,0,
Gringo,818471391,6,5,f,-,-,-,3292,0,0,
Gringo,818471416,5,3,r,-,-,-,3292,30,45,
Gringo,818471426,5,2,Bf,-,-,-,3307,10,0,
Gringo,818471454,5,1,Bc,kf,-,-,3297,10,0,
Gringo,818471528,6,6,r,-,-,-,3287,35,50,
Gringo,818471554,6,5,f,-,-,-,3302,0,0,
Gringo,818471581,6,4,f,-,-,-,3302,0,0,
Gringo,818471648,6,3,f,-,-,-,3302,0,0,
Gringo,818471681,5,2,Bk,k,k,kf,3302,10,0,
Gringo,818471732,6,1,Bf,-,-,-,3292,5,0,
Gringo,818471750,6,6,f,-,-,-,3287,0,0,
Gringo,818471767,6,5,f,-,-,-,3287,0,0,
Gringo,818471795,6,4,f,-,-,-,3287,0,0,
Gringo,818471839,6,3,r,k,k,k,3287,35,0,Qd,Js
Gringo,818471883,6,2,Bk,k,b,-,3252,35,50,
Gringo,818471911,6,1,Bf,-,-,-,3267,5,0,
Gringo,818471936,6,6,f,-,-,-,3262,0,0,
Gringo,818471954,6,5,c,b,-,-,3262,50,80,
Gringo,818471982,6,4,f,-,-,-,3292,0,0,
Gringo,818471992,6,3,c,kr,-,-,3292,250,360,
Gringo,818472039,6,2,Bf,-,-,-,3402,10,0,
Gringo,818472050,6,1,Bf,-,-,-,3392,5,0,
Gringo,818472067,6,6,f,-,-,-,3387,0,0,
Gringo,818472115,6,5,c,c,r,-,3387,1140,1530,
Gringo,818472153,5,3,f,-,-,-,3777,0,0,
Gringo,818472194,5,2,Bk,b,-,-,3777,45,70,
Gringo,818472221,5,1,Bf,-,-,-,3802,5,0,
Gringo,818472253,5,5,c,f,-,-,3797,45,0,
Gringo,818472294,5,4,f,-,-,-,3752,0,0,
Gringo,818472310,5,3,f,-,-,-,3752,0,0,
Gringo,818472397,5,2,Bk,kf,-,-,3752,10,0,
Gringo,818472422,5,1,Bf,-,-,-,3742,5,0,
Gringo,818472444,5,5,f,-,-,-,3737,0,0,
Gringo,818472481,5,4,c,b,-,-,3737,40,60,
Gringo,818472512,5,3,f,-,-,-,3757,0,0,
Gringo,818472534,5,2,Bf,-,-,-,3757,10,0,
Gringo,818472595,5,1,Bf,-,-,-,3747,5,0,
Gringo,818472606,5,5,c,c,k,k,3742,120,255,Kc,Ks
Gringo,818472642,5,4,f,-,-,-,3877,0,0,
Gringo,818472674,5,3,f,-,-,-,3877,0,0,
Gringo,818472699,5,2,Bf,-,-,-,3877,10,0,
Gringo,818472731,5,1,Bf,-,-,-,3867,5,0,
Gringo,818472763,5,5,f,-,-,-,3862,0,0,
Gringo,818472775,5,4,f,-,-,-,3862,0,0,
Gringo,818472816,5,3,r,b,-,-,3862,110,150,
Gringo,818472849,4,2,B,-,-,-,3902,10,15,
Gringo,818472859,4,1,Bf,-,-,-,3907,5,0,
Gringo,818472887,5,5,c,f,-,-,3902,10,0,
Gringo,818472921,5,4,f,-,-,-,3892,0,0,
Gringo,818472974,5,3,f,-,-,-,3892,0,0,
Gringo,818473002,5,2,Bf,-,-,-,3892,10,0,
Gringo,818473057,5,1,Bf,-,-,-,3882,5,0,
Gringo,818473110,6,6,r,b,-,-,3877,235,360,
Gringo,818473172,6,5,f,-,-,-,4002,0,0,
Gringo,818473197,7,5,f,-,-,-,4002,0,0,
Gringo,818473305,7,4,f,-,-,-,4002,0,0,
Gringo,818473349,7,3,f,-,-,-,4002,0,0,
Gringo,818473373,7,2,Bk,kf,-,-,4002,10,0,
Gringo,818473397,7,1,Bf,-,-,-,3992,5,0,
Gringo,818473421,7,7,r,b,-,-,3987,195,280,
Gringo,818473468,7,3,Q,-,-,-,4072,0,0,
Gringo,818473560,8,5,c,b,-,-,4072,45,70,
Gringo,818473594,7,4,f,-,-,-,4097,0,0,
Gringo,818473607,7,3,f,-,-,-,4097,0,0,
Gringo,818473657,6,2,Bf,-,-,-,4097,10,0,
Gringo,818473682,7,1,Bf,-,-,-,4087,5,0,
Gringo,818473694,7,7,f,-,-,-,4082,0,0,
Gringo,818473747,7,6,f,-,-,-,4082,0,0,
Gringo,818473761,7,5,f,-,-,-,4082,0,0,
Gringo,818473774,7,4,f,-,-,-,4082,0,0,
Gringo,818473830,7,3,r,k,r,-,4082,355,480,
Gringo,818473886,6,2,Br,b,b,-,4207,740,990,
Gringo,818473966,6,1,BQ,-,-,-,4457,5,0,
Gringo,818474166,3,2,B,-,-,-,4452,10,15,
Gringo,818474181,3,1,Br,-,-,-,4457,40,60,
Gringo,818474195,3,3,fQ,-,-,-,4477,0,0,
Gringo,818573620,8,5,f,-,-,-,5203,0,0,
Gringo,818573655,8,4,r,-,-,-,5203,35,50,
Gringo,818573680,8,3,f,-,-,-,5218,0,0,
Gringo,818573715,8,2,Bf,-,-,-,5218,10,0,
Gringo,818573758,8,1,Bf,-,-,-,5208,5,0,
Gringo,818573788,8,8,c,c,f,-,5203,180,0,
Gringo,818573828,8,7,f,-,-,-,5023,0,0,
Gringo,818573863,8,6,c,r,-,-,5023,190,270,
Gringo,818573941,8,5,f,-,-,-,5103,0,0,
Gringo,818574009,8,4,f,-,-,-,5103,0,0,
Gringo,818574051,8,3,f,-,-,-,5103,0,0,
Gringo,818574086,8,2,Bf,-,-,-,5103,10,0,
Gringo,818574137,8,1,Bc,kf,-,-,5093,10,0,
Gringo,818574164,7,7,r,k,c,b,5083,795,1665,Qs,Jh
Gringo,818574236,6,5,f,-,-,-,5953,0,0,
Gringo,818574288,6,4,f,-,-,-,5953,0,0,
Gringo,818574367,6,3,r,bf,-,-,5953,115,0,
Gringo,818574397,6,2,Bcc,bf,-,-,5838,335,0,
Gringo,818574456,6,1,Bf,-,-,-,5503,5,0,
Gringo,818574481,6,6,f,-,-,-,5498,0,0,
Gringo,818574510,6,5,r,k,b,-,5498,225,360,
Gringo,818574559,6,4,f,-,-,-,5633,0,0,
Gringo,818574577,6,3,f,-,-,-,5633,0,0,
Gringo,818574604,6,2,Bk,k,kf,-,5633,10,0,
Gringo,818574684,6,1,Bc,k,kf,-,5623,55,0,
Gringo,818574737,6,6,r,bcf,-,-,5568,945,0,
Gringo,818574841,6,5,f,-,-,-,4623,0,0,
Gringo,818574863,6,4,f,-,-,-,4623,0,0,
Gringo,818574879,6,3,f,-,-,-,4623,0,0,
Gringo,818574910,6,2,Bf,-,-,-,4623,10,0,
Gringo,818574947,6,1,Bf,-,-,-,4613,5,0,
Gringo,818574960,6,6,f,-,-,-,4608,0,0,
Gringo,818575004,6,5,f,-,-,-,4608,0,0,
Gringo,818575026,6,4,cc,b,b,b,4608,435,590,
Gringo,818575085,6,3,c,br,k,b,4763,1610,2160,
Gringo,818575190,6,2,Bf,-,-,-,5313,10,0,
Gringo,818575202,6,1,Bc,k,k,k,5303,10,0,5d,4c
Gringo,818575243,6,6,c,bc,c,k,5293,530,1080,Jh,Kh
Gringo,818575299,6,5,c,b,-,-,5843,35,50,
Gringo,818575325,6,4,f,-,-,-,5858,0,0,
Gringo,818575340,6,3,f,-,-,-,5858,0,0,
Gringo,818575391,6,2,Bk,kf,-,-,5858,10,0,
Gringo,818575418,6,1,Bf,-,-,-,5848,5,0,
Gringo,818575439,6,6,f,-,-,-,5843,0,0,
Gringo,818575468,6,5,f,-,-,-,5843,0,0,
Gringo,818575508,6,4,cc,b,b,-,5843,595,810,
Gringo,818575557,6,3,f,-,-,-,6058,0,0,
Gringo,818575591,6,2,Bk,k,kf,-,6058,10,0,
Gringo,818575622,6,1,Bf,-,-,-,6048,5,0,
Gringo,818575681,6,6,f,-,-,-,6043,0,0,
Gringo,818575719,6,5,f,-,-,-,6043,0,0,
Gringo,818575761,6,4,rf,-,-,-,6043,35,0,
Gringo,818575796,6,3,r,b,b,-,6008,375,510,
Gringo,818575847,6,1,Bf,-,-,-,6143,10,0,
Gringo,818575895,6,1,Bf,-,-,-,6133,5,0,
Gringo,818575915,5,5,c,k,b,-,6128,35,50,
Gringo,818575942,5,4,c,b,-,-,6143,50,80,
Gringo,818575972,6,3,f,-,-,-,6173,0,0,
Gringo,818575992,6,2,Bk,k,b,-,6173,50,80,
Gringo,818576032,7,1,Bc,f,-,-,6203,35,0,
Gringo,818576047,7,7,f,-,-,-,6168,0,0,
Gringo,818576099,7,6,f,Q,-,-,6168,0,0,
Gringo,818576194,7,4,f,-,-,-,6168,0,0,
Gringo,818576225,7,3,f,-,-,-,6168,0,0,
Gringo,818576267,7,2,Bk,k,kf,-,6168,10,0,
Gringo,818576337,7,1,Bf,-,-,-,6158,5,0,
Gringo,818576396,7,7,f,-,-,-,6153,0,0,
Gringo,818576421,7,6,r,b,-,-,6153,240,370,
Gringo,818576464,7,5,f,-,-,-,6283,0,0,
Gringo,818576546,7,4,f,-,-,-,6283,0,0,
Gringo,818576566,7,3,f,-,-,-,6283,0,0,
Gringo,818576592,7,2,Bf,-,-,-,6283,10,0,
Gringo,818576612,7,1,Bc,k,kf,-,6273,10,0,
Gringo,818576664,7,7,f,-,-,-,6263,0,0,
Gringo,818576702,7,6,f,-,-,-,6263,0,0,
Gringo,818576723,7,5,r,k,c,f,6263,190,0,
Gringo,818576790,7,4,r,-,-,-,6073,45,70,
Gringo,818576813,7,3,f,-,-,-,6098,0,0,
Gringo,818576848,7,2,Bk,b,k,b,6098,210,450,6c,7h
Gringo,818576923,7,1,Bc,k,kf,-,6338,10,0,
Gringo,818576957,7,7,f,-,-,-,6328,0,0,
Gringo,818577001,7,6,c,f,-,-,6328,10,0,
Gringo,818577043,7,5,f,-,-,-,6318,0,0,
Gringo,818577075,7,4,f,-,-,-,6318,0,0,
Gringo,818577120,8,3,f,-,-,-,6318,0,0,
Gringo,818577165,8,2,Bk,f,-,-,6318,10,0,
Gringo,818577195,8,1,Br,b,-,-,6308,310,420,
Gringo,818577245,8,8,c,f,-,-,6418,30,0,
Gringo,818577272,8,7,f,-,-,-,6388,0,0,
Gringo,818577321,8,6,r,b,-,-,6388,150,210,
Gringo,818577366,8,4,f,-,-,-,6448,0,0,
Gringo,818577390,8,4,f,-,-,-,6448,0,0,
Gringo,818577418,7,2,B,-,-,-,6448,10,15,
Gringo,818577429,7,1,Bc,kf,-,-,6453,10,0,
Gringo,818577464,7,7,f,-,-,-,6443,0,0,
Gringo,818577523,8,7,r,-,-,-,6443,35,50,
Gringo,818577541,8,6,f,-,-,-,6458,0,0,
Gringo,818577562,8,5,f,-,-,-,6458,0,0,
Gringo,818577587,8,4,f,-,-,-,6458,0,0,
Gringo,818577622,8,3,f,-,-,-,6458,0,0,
Gringo,818577688,8,2,Bk,k,k,kf,6458,10,0,
Gringo,818577727,8,1,Bf,-,-,-,6448,5,0,
Gringo,818577781,8,8,f,-,-,-,6443,0,0,
Gringo,818577815,8,7,cc,b,bf,-,6443,465,0,
Gringo,818577874,8,6,c,k,f,-,5978,30,0,
Gringo,818577934,8,5,c,b,b,-,5948,150,210,
Gringo,818577999,8,4,f,-,-,-,6008,0,0,
Gringo,818578059,8,3,f,-,-,-,6008,0,0,
Gringo,818578115,8,2,Bf,-,-,-,6008,10,0,
Gringo,818578153,8,1,Bf,-,-,-,5998,5,0,
Gringo,818578190,8,8,f,-,-,-,5993,0,0,
Gringo,818578215,8,7,r,-,-,-,5993,55,90,
Gringo,818578235,8,6,f,-,-,-,6028,0,0,
Gringo,818578264,8,6,c,k,k,b,6028,45,70,
Gringo,818578303,7,4,cf,-,-,-,6053,10,0,
Gringo,818578370,8,3,f,-,-,-,6043,0,0,
Gringo,818578390,8,2,Bf,-,-,-,6043,10,0,
Gringo,818578436,8,1,Br,kc,k,b,6033,400,540,
Gringo,818578492,8,8,r,-,-,-,6173,35,50,
Gringo,818578510,8,7,r,f,-,-,6188,45,0,
Gringo,818578543,8,6,f,-,-,-,6143,0,0,
Gringo,818578580,8,5,f,-,-,-,6143,0,0,
Gringo,818578638,8,4,c,k,k,f,6143,10,0,
Gringo,818578687,8,3,r,-,-,-,6133,35,50,
Gringo,818578715,8,2,Bk,k,kf,-,6148,10,0,
Gringo,818578753,8,1,Bf,-,-,-,6138,5,0,
Gringo,818578792,8,8,c,f,-,-,6133,10,0,
Gringo,818578874,8,7,c,k,b,-,6123,45,70,
Gringo,818578907,8,6,c,br,-,-,6148,790,1080,
Gringo,818578977,8,5,f,-,-,-,6438,0,0,
Gringo,818579016,8,4,f,-,-,-,6438,0,0,
Gringo,818579055,8,3,f,-,-,-,6438,0,0,
Gringo,818579075,8,2,Bk,k,kf,-,6438,10,0,
Gringo,818579149,8,1,Bf,-,-,-,6428,5,0,
Gringo,818579179,8,8,f,-,-,-,6423,0,0,
Gringo,818579251,7,6,r,r,-,-,6423,945,1320,
Gringo,818579291,7,5,cc,kf,-,-,6798,45,0,
Gringo,818579321,7,4,f,-,-,-,6753,0,0,
Gringo,818579359,7,3,f,-,-,-,6753,0,0,
Gringo,818579387,8,2,Bk,b,-,-,6753,55,90,
Gringo,818579418,8,1,Bc,b,-,-,6788,280,470,
Gringo,818579485,9,9,f,-,-,-,6978,0,0,
Gringo,818579525,9,8,f,-,-,-,6978,0,0,
Gringo,818579591,9,7,r,b,bf,-,6978,355,0,
Gringo,818579652,9,6,r,b,-,-,6623,245,380,
Gringo,818579682,9,5,f,-,-,-,6758,0,0,
Gringo,818579735,9,4,f,-,-,-,6758,0,0,
Gringo,818579780,9,3,f,-,-,-,6758,0,0,
Gringo,818579816,9,2,Bk,b,-,-,6758,75,130,
Gringo,818579848,9,1,Bf,-,-,-,6813,5,0,
Gringo,818579890,10,10,r,b,k,b,6808,855,1170,
Gringo,818579962,10,9,f,-,-,-,7123,0,0,
Gringo,818579995,10,8,c,k,b,b,7123,235,360,
Gringo,818580071,10,7,f,-,-,-,7248,0,0,
Gringo,818580120,10,6,f,-,-,-,7248,0,0,
Gringo,818580185,10,5,f,-,-,-,7248,0,0,
Gringo,818580213,10,5,f,-,-,-,7248,0,0,
Gringo,818580249,9,3,f,-,-,-,7248,0,0,
Gringo,818580284,9,2,Bc,b,k,b,7248,650,930,
Gringo,818580349,10,1,Bc,kc,kc,kf,7528,210,0,
Gringo,818580411,11,11,f,-,-,-,7318,0,0,
Gringo,818580452,11,10,r,k,r,b,7318,2925,3960,
Gringo,818580550,11,9,f,-,-,-,8353,0,0,
Gringo,818580588,11,8,rc,crA,-,-,8353,8353,0,As,Ks
