ren[1],819273402,2,1,Bc,kf,-,-,3222,10,0,
ren[1],819273440,3,2,Bk,kf,-,-,3212,10,0,
ren[1],819273469,4,1,Bc,kc,kf,-,3202,115,0,
ren[1],819273514,4,4,c,c,f,-,3087,120,0,
ren[1],819273559,4,3,f,-,-,-,2967,0,0,
ren[1],819273572,4,2,Bf,-,-,-,2967,10,0,
ren[1],819273592,4,1,Bc,b,-,-,2957,30,40,
ren[1],819273627,4,4,f,-,-,-,2967,0,0,
ren[1],819273689,4,3,f,-,-,-,2967,0,0,
ren[1],819273753,4,2,Bf,-,-,-,2967,10,0,
ren[1],819273766,4,1,Bf,-,-,-,2957,5,0,
ren[1],819273774,5,5,f,-,-,-,2952,0,0,
ren[1],819273819,5,4,f,-,-,-,2952,0,0,
ren[1],819273850,5,3,f,-,-,-,2952,0,0,
ren[1],819273891,5,2,Bf,-,-,-,2952,10,0,
ren[1],819273912,5,1,Bf,-,-,-,2942,5,0,
ren[1],819273923,5,5,f,-,-,-,2937,0,0,
ren[1],819273942,5,4,f,-,-,-,2937,0,0,
ren[1],819273985,5,3,f,-,-,-,2937,0,0,
ren[1],819274013,5,2,Bf,-,-,-,2937,10,0,
ren[1],819274069,5,1,Bf,-,-,-,2927,5,0,
ren[1],819274151,5,5,f,-,-,-,2922,0,0,
ren[1],819274210,5,4,f,-,-,-,2922,0,0,
ren[1],819274221,5,3,f,-,-,-,2922,0,0,
ren[1],819274253,5,2,Bf,-,-,-,2922,10,0,
ren[1],819274273,5,1,Bf,-,-,-,2912,5,0,
ren[1],819274301,5,5,f,-,-,-,2907,0,0,
ren[1],819274349,5,4,f,-,-,-,2907,0,0,
ren[1],819274377,5,3,f,-,-,-,2907,0,0,
ren[1],819274485,5,2,Bf,-,-,-,2907,10,0,
ren[1],819274543,5,1,Bf,-,-,-,2897,5,0,
ren[1],819274599,5,5,f,-,-,-,2892,0,0,
ren[1],819274661,5,4,fQ,-,-,-,2892,0,0,
ren[1],819863021,4,2,Bc,kc,kc,k,3137,245,0,Jh,Ah
ren[1],819863081,5,1,Bc,kf,-,-,2892,10,0,
ren[1],819863134,5,5,f,-,-,-,2882,0,0,
ren[1],819863153,5,4,f,-,-,-,2882,0,0,
ren[1],819863186,6,4,f,-,-,-,2882,0,0,
ren[1],819863194,6,3,c,kf,-,-,2882,10,0,
ren[1],819863243,6,2,Bk,b,-,-,2872,45,70,
ren[1],819863275,6,1,Bc,bc,kf,-,2897,455,0,
ren[1],819863338,6,6,f,-,-,-,2442,0,0,
ren[1],819863365,6,5,c,k,b,-,2442,45,70,
ren[1],819863405,6,4,f,-,-,-,2467,0,0,
ren[1],819863425,6,3,r,-,-,-,2467,35,50,
ren[1],819863443,6,2,Bk,kf,-,-,2482,10,0,
ren[1],819863483,6,1,Bf,-,-,-,2472,5,0,
ren[1],819863543,6,6,cc,f,-,-,2467,50,0,
ren[1],819863614,6,5,f,-,-,-,2417,0,0,
ren[1],819863653,6,4,c,r,k,k,2417,110,0,Th,Ts
ren[1],819863713,6,3,c,b,b,k,2307,150,0,8c,Kd
ren[1],819863764,6,2,Bk,k,k,k,2157,10,0,9s,2s
ren[1],819863815,6,1,Bc,kf,-,-,2147,10,0,
ren[1],819863845,6,6,f,-,-,-,2137,0,0,
ren[1],819863864,6,5,f,-,-,-,2137,0,0,
ren[1],819863905,6,4,f,-,-,-,2137,0,0,
ren[1],819863931,6,3,f,-,-,-,2137,0,0,
ren[1],819863955,6,2,Bf,-,-,-,2137,10,0,
ren[1],819863997,6,1,Bc,k,k,k,2127,10,0,8c,Ac
ren[1],819864045,5,5,c,k,k,k,2117,10,0,Js,Kd
ren[1],819864084,5,4,cc,kf,-,-,2107,45,0,
ren[1],819864117,5,3,c,kf,-,-,2062,10,0,
ren[1],819864141,5,2,Bk,b,-,-,2052,35,50,
ren[1],819864163,4,1,Bc,b,-,-,2067,30,40,
ren[1],819864190,2,2,BQ,-,-,-,2077,10,15,
