goldman,817884898,7,6,f,-,-,-,13626,0,0,
goldman,817884940,7,5,c,kf,-,-,13626,10,0,
goldman,817885022,7,4,f,-,-,-,13616,0,0,
goldman,817885047,7,3,c,k,c,b,13616,370,600,
goldman,817885134,9,2,Bk,k,kf,-,13846,10,0,
goldman,817885189,9,1,Bc,kf,-,-,13836,35,0,
goldman,817885246,9,9,f,-,-,-,13801,0,0,
goldman,817885288,9,8,f,-,-,-,13801,0,0,
goldman,817885343,9,7,c,f,-,-,13801,55,0,
goldman,817885396,8,5,cc,b,c,f,13746,785,0,
goldman,817885543,8,4,c,kf,-,-,12961,10,0,
goldman,817885676,8,2,c,b,kf,-,12951,50,0,
goldman,817885733,9,2,Bc,kf,-,-,12901,45,0,
goldman,817885788,9,1,Bf,-,-,-,12856,5,0,
goldman,817885875,9,9,c,bf,-,-,12851,70,0,
goldman,817885926,10,9,c,f,-,-,12781,10,0,
goldman,817886034,10,8,f,-,-,-,12771,0,0,
goldman,817886100,10,7,f,-,-,-,12771,0,0,
goldman,817886144,10,6,r,b,-,-,12771,150,210,
goldman,817886172,10,5,f,-,-,-,12831,0,0,
goldman,817886213,9,3,f,-,-,-,12831,0,0,
goldman,817886262,9,2,Bc,kc,kr,-,12831,1995,2700,
goldman,817886336,10,1,Bf,-,-,-,13536,5,0,
goldman,817886405,10,10,f,-,-,-,13531,0,0,
goldman,817886458,11,10,f,-,-,-,13531,0,0,
goldman,817886508,11,9,r,b,k,c,13531,860,0,Kd,As
goldman,817886634,12,9,c,f,-,-,12671,10,0,
goldman,817886701,12,8,f,-,-,-,12661,0,0,
goldman,817886812,11,7,f,-,-,-,12661,0,0,
goldman,817886864,12,6,f,-,-,-,12661,0,0,
goldman,817886947,12,5,rc,kf,-,-,12661,540,0,
goldman,817887057,12,4,r,k,b,-,12121,120,170,
goldman,817887123,12,3,f,-,-,-,12171,0,0,
goldman,817887208,11,2,Bf,-,-,-,12171,10,0,
goldman,817887372,12,1,Bc,b,b,-,12161,250,360,
goldman,817887440,12,12,f,-,-,-,12271,0,0,
goldman,817887517,12,11,f,-,-,-,12271,0,0,
goldman,817887559,12,10,r,b,-,-,12271,375,510,
goldman,817887625,12,9,f,-,-,-,12406,0,0,
goldman,817887942,12,8,r,b,-,-,12406,200,290,
goldman,817888027,12,7,c,k,f,-,12496,10,0,
goldman,817888151,12,7,c,kQ,-,-,12486,10,0,
