iceness,817856069,8,5,f,-,-,-,3020,0,0,
iceness,817856150,8,4,f,-,-,-,3020,0,0,
iceness,817856208,8,3,cc,kf,-,-,3020,55,0,
iceness,817856329,9,2,Bk,k,kf,-,2965,10,0,
iceness,817856437,7,1,Bf,-,-,-,2955,5,0,
iceness,817856449,7,7,c,r,b,k,2950,1030,2160,Qd,5c
iceness,817856534,8,7,c,b,-,-,4080,40,60,
iceness,817856654,9,6,f,-,-,-,4100,0,0,
iceness,817856743,10,5,f,-,-,-,4100,0,0,
iceness,817856830,10,4,f,-,-,-,4100,0,0,
iceness,817856896,10,3,f,-,-,-,4100,0,0,
iceness,817856995,10,2,Bk,kf,-,-,4100,10,0,
iceness,817857105,10,1,Bf,-,-,-,4090,5,0,
iceness,817857153,10,10,f,-,-,-,4085,0,0,
iceness,817857212,10,10,c,f,-,-,4085,10,0,
iceness,817857272,9,8,r,bf,-,-,4075,175,0,
iceness,817857346,9,7,c,kf,-,-,3900,10,0,
iceness,817857384,9,6,c,b,b,-,3890,210,300,
iceness,817857443,9,5,c,b,b,b,3980,480,990,7d,5s
iceness,817857496,9,4,c,kf,-,-,4490,10,0,
iceness,817857580,9,4,f,-,-,-,4480,0,0,
iceness,817857626,8,2,Bk,k,kf,-,4480,10,0,
iceness,817857691,9,1,Bc,b,bc,k,4470,530,1080,5c,4s
iceness,817857749,10,9,c,b,k,k,5020,30,80,Qc,Tc
iceness,817857822,10,8,cc,kc,kf,-,5070,535,0,
iceness,817857940,10,7,c,b,-,-,4535,30,60,
iceness,817857993,10,6,f,-,-,-,4565,0,0,
iceness,817858101,10,5,c,f,-,-,4565,35,0,
iceness,817858151,9,4,f,-,-,-,4530,0,0,
iceness,817858221,9,3,f,-,-,-,4530,0,0,
iceness,817858277,9,2,Br,bf,-,-,4530,250,0,
iceness,817858461,9,1,Bc,kf,-,-,4280,10,0,
iceness,817858659,6,6,r,-,-,-,4270,30,40,
iceness,817858684,8,8,c,f,-,-,4280,10,0,
iceness,817858753,8,7,cc,c,f,-,4270,310,0,
iceness,817858866,7,5,c,c,k,b,3960,130,180,
iceness,817858938,6,3,c,b,k,f,4010,30,0,
iceness,817858992,6,2,Bk,kf,-,-,3980,10,0,
iceness,817859047,6,1,Bf,-,-,-,3970,5,0,
iceness,817859076,6,6,c,k,c,f,3965,60,0,
iceness,817859134,4,3,c,b,b,k,3905,130,0,2d,9d
iceness,817859170,4,3,f,-,-,-,3775,0,0,
iceness,817859211,5,2,Bk,r,-,-,3775,90,120,
iceness,817859241,5,1,Br,kc,b,kf,3805,640,0,
iceness,817859298,5,5,c,c,f,-,3165,50,0,
iceness,817859338,5,4,f,-,-,-,3115,0,0,
iceness,817859352,5,3,r,k,b,-,3115,120,170,
iceness,817859375,5,2,Br,k,b,k,3165,160,0,4s,4c
iceness,817859431,5,1,Bf,-,-,-,3005,5,0,
iceness,817859469,4,4,c,b,-,-,3000,30,40,
iceness,817859507,4,4,c,k,f,-,3010,10,0,
iceness,817859556,4,3,c,f,-,-,3000,10,0,
iceness,817859576,4,2,Bc,bc,k,b,2990,905,1230,
iceness,817859632,4,1,Bc,kf,-,-,3315,10,0,
iceness,817859653,4,4,r,-,-,-,3305,35,50,
iceness,817859669,4,3,c,b,-,-,3320,40,60,
iceness,817859701,4,2,Bk,kf,-,-,3340,10,0,
iceness,817859741,4,1,Bc,kr,-,-,3330,355,480,
iceness,817859769,4,4,c,b,-,-,3455,40,60,
iceness,817859796,4,3,r,b,-,-,3475,120,170,
iceness,817859824,4,2,Bc,b,-,-,3525,85,125,
iceness,817859856,4,1,Bc,kf,-,-,3565,35,0,
iceness,817859889,4,4,c,r,k,k,3530,170,0,Js,Td
iceness,817859936,4,3,r,k,f,-,3360,35,0,
iceness,817859965,4,2,Bk,f,-,-,3325,10,0,
iceness,817859983,4,1,Bf,-,-,-,3315,5,0,
iceness,817859997,4,4,r,f,-,-,3310,35,0,
iceness,817860018,4,3,c,b,-,-,3275,35,50,
iceness,817860041,4,2,Bk,b,-,-,3290,40,60,
iceness,817860062,4,1,Br,-,-,-,3310,30,40,
iceness,817860077,4,4,r,k,c,k,3320,110,0,Tc,Kc
iceness,817860114,4,3,rc,kf,-,-,3210,120,0,
iceness,817860145,4,2,B,-,-,-,3090,10,15,
iceness,817860154,4,1,Bc,kf,-,-,3095,10,0,
iceness,817860179,4,4,c,c,k,f,3085,40,0,
iceness,817860224,4,3,c,kf,-,-,3045,10,0,
iceness,817860289,4,2,Bk,b,-,-,3035,30,40,
iceness,817860317,4,1,Bc,kf,-,-,3045,10,0,
iceness,817860337,4,4,c,k,f,-,3035,10,0,
iceness,817860362,4,3,c,b,k,k,3025,45,0,2c,Tc
iceness,817860396,4,2,Bc,kf,-,-,2980,35,0,
iceness,817860417,4,1,Bc,kr,b,k,2945,270,540,2c,3c
iceness,817860454,4,4,c,r,-,-,3215,170,240,
iceness,817860477,4,3,c,kf,-,-,3285,10,0,
iceness,817860500,4,2,Bc,kf,-,-,3275,35,0,
iceness,817860554,4,1,Bcc,b,kf,-,3240,100,0,
iceness,817860603,4,4,c,f,-,-,3140,10,0,
iceness,817860632,4,3,c,b,k,c,3130,130,0,9s,Th
iceness,817860676,4,2,Bk,b,kf,-,3000,50,0,
iceness,817860725,4,1,Bf,-,-,-,2950,5,0,
iceness,817860750,4,4,r,-,-,-,2945,35,50,
iceness,817860846,3,2,c,b,-,-,2960,40,60,
iceness,817860893,4,2,B,-,-,-,2980,10,15,
iceness,817860919,4,1,Bc,kf,-,-,2985,10,0,
iceness,817860967,4,4,c,b,k,k,2975,40,90,8d,5h
iceness,817861021,4,3,cc,kf,-,-,3025,45,0,
iceness,817861046,5,2,Bk,k,kf,-,2980,10,0,
iceness,817861114,5,1,Bcc,kr,-,-,2970,520,720,
iceness,817861163,5,5,c,k,f,-,3170,10,0,
iceness,817861191,5,4,c,f,-,-,3160,10,0,
iceness,817861218,5,3,c,k,b,b,3150,145,315,5c,4c
iceness,817861307,4,2,Bk,f,-,-,3320,10,0,
iceness,817861343,4,1,Bc,kf,-,-,3310,10,0,
iceness,817861373,4,4,cc,r,-,-,3300,640,960,
iceness,817861407,4,3,cf,-,-,-,3620,10,0,
iceness,817861424,4,2,Bk,b,-,-,3610,30,40,
iceness,817861449,4,1,Brf,-,-,-,3620,30,0,
iceness,817861475,4,4,c,r,k,b,3590,530,1080,Th,3c
iceness,817861538,4,3,c,k,c,k,4140,40,0,5d,4c
iceness,817861609,4,2,Bk,c,b,-,4100,90,120,
iceness,817861643,4,1,Bf,-,-,-,4130,5,0,
iceness,817861649,4,4,r,b,-,-,4125,110,150,
iceness,817861681,4,3,cf,-,-,-,4165,10,0,
iceness,817861763,4,2,Bk,b,k,k,4155,25,0,Js,2c
iceness,817861809,4,1,Bc,kf,-,-,4130,10,0,
iceness,817861845,4,4,cc,f,-,-,4120,40,0,
iceness,817861877,4,3,r,c,f,-,4080,145,0,
iceness,817861925,4,2,Br,bc,kf,-,3935,530,0,
iceness,817861978,4,1,Brc,kr,-,-,3405,810,1080,
iceness,817862008,4,4,c,f,-,-,3675,10,0,
iceness,817862031,4,3,c,c,b,-,3665,210,320,
iceness,817862094,3,2,Bk,k,k,k,3775,10,0,Qd,2c
iceness,817862128,3,1,Bc,kc,k,k,3765,40,0,5h,2s
iceness,817862176,3,3,r,b,b,-,3725,355,480,
iceness,817862214,3,2,Bk,b,b,-,3850,90,120,
iceness,817862247,3,1,Bf,-,-,-,3880,5,0,
iceness,817862267,3,3,c,r,k,k,3875,130,0,8d,Tc
iceness,817862319,4,2,Bk,kf,-,-,3745,10,0,
iceness,817862352,4,1,Bc,kf,-,-,3735,10,0,
iceness,817862372,4,4,r,b,-,-,3725,150,210,
iceness,817862403,4,3,r,k,c,k,3785,115,240,Jh,Kh
iceness,817862440,4,2,Bk,c,f,-,3910,40,0,
iceness,817862479,4,1,Bc,k,b,k,3870,30,60,3c,4d
iceness,817862532,4,4,c,f,-,-,3900,10,0,
iceness,817862575,4,3,f,-,-,-,3890,0,0,
iceness,817862597,4,2,Bk,kf,-,-,3890,10,0,
iceness,817862637,4,1,Bc,k,b,-,3880,40,60,
iceness,817862660,4,4,c,c,c,b,3900,400,540,
iceness,817862707,3,2,Bc,kr,-,-,4040,455,630,
iceness,817862734,3,1,Bc,kf,-,-,4215,10,0,
iceness,817862749,3,3,cc,c,f,-,4205,130,0,
iceness,817862773,4,3,Q,-,-,-,4075,0,0,
iceness,817863036,4,4,c,c,b,k,4075,150,157,8h,Kh
iceness,817863087,4,3,c,r,-,-,4082,170,240,
iceness,817863121,4,2,Bc,kf,-,-,4152,35,0,
iceness,817863153,4,1,Bc,k,kr,-,4117,90,120,
iceness,817863185,4,4,c,k,f,-,4147,10,0,
iceness,817863206,4,3,c,f,-,-,4137,10,0,
iceness,817863234,4,2,Br,b,-,-,4127,130,180,
iceness,817863260,4,1,Br,kf,-,-,4177,50,0,
iceness,817863328,4,4,r,k,f,-,4127,45,0,
iceness,817863368,4,3,cf,-,-,-,4082,10,0,
iceness,817863396,4,2,Bk,k,f,-,4072,10,0,
iceness,817863433,4,1,Bc,kf,-,-,4062,10,0,
iceness,817863456,4,4,c,k,f,-,4052,10,0,
iceness,817863487,4,3,c,f,-,-,4042,10,0,
iceness,817863506,4,2,Bk,kc,kf,-,4032,50,0,
iceness,817863558,4,1,Bc,kc,k,k,3982,50,120,Ah,9s
iceness,817863598,4,4,c,b,k,k,4052,45,105,Ad,6c
iceness,817863644,4,3,r,b,b,-,4112,610,920,
iceness,817863682,4,2,Bk,b,k,k,4422,30,60,5c,9c
iceness,817863718,4,1,Bc,k,b,k,4452,30,0,Kc,4s
iceness,817863749,4,4,c,c,k,k,4422,40,90,7h,Ac
iceness,817863797,4,3,r,k,b,-,4472,150,230,
iceness,817863840,4,2,Brc,f,-,-,4552,90,0,
iceness,817863881,4,1,Bc,kf,-,-,4462,10,0,
iceness,817863918,4,4,r,b,-,-,4452,110,150,
iceness,817863941,4,3,c,k,f,-,4492,10,0,
iceness,817863969,4,2,Bk,f,-,-,4482,10,0,
iceness,817864023,4,1,Bc,kf,-,-,4472,10,0,
iceness,817864052,4,4,r,b,-,-,4462,140,210,
iceness,817864079,4,3,c,cf,-,-,4532,130,0,
iceness,817864131,4,2,Br,b,b,-,4402,520,720,
iceness,817864186,5,1,Bc,kf,-,-,4602,10,0,
iceness,817864235,6,6,cf,-,-,-,4592,10,0,
iceness,817864297,6,5,cc,f,-,-,4582,50,0,
iceness,817864323,6,4,cc,kf,-,-,4532,55,0,
iceness,817864369,6,3,c,b,k,k,4477,30,0,7h,Ac
iceness,817864412,6,2,Bf,-,-,-,4447,10,0,
iceness,817864447,5,1,Bf,-,-,-,4437,5,0,
iceness,817864468,5,5,cc,b,-,-,4432,250,400,
iceness,817864502,5,4,cf,-,-,-,4582,10,0,
iceness,817864514,5,3,f,-,-,-,4572,0,0,
iceness,817864547,5,2,Bk,k,krf,-,4572,130,0,
iceness,817864605,6,1,Bc,kf,-,-,4442,10,0,
iceness,817864672,6,6,c,f,-,-,4432,10,0,
iceness,817864698,6,5,f,-,-,-,4422,0,0,
iceness,817864773,6,4,cc,kr,-,-,4422,955,1350,
iceness,817864827,6,3,cc,kf,-,-,4817,45,0,
iceness,817864904,6,2,Bk,kf,-,-,4772,10,0,
iceness,817864982,6,1,Bcc,kf,-,-,4762,50,0,
iceness,817865022,6,6,c,r,b,-,4712,690,960,
iceness,817865062,6,5,c,kf,-,-,4982,10,0,
iceness,817865144,6,4,f,-,-,-,4972,0,0,
iceness,817865209,6,3,c,c,b,-,4972,210,300,
iceness,817865255,6,2,Bk,kf,-,-,5062,10,0,
iceness,817865280,6,1,Bc,kf,-,-,5052,10,0,
iceness,817865335,6,6,c,f,-,-,5042,10,0,
iceness,817865373,6,5,cf,-,-,-,5032,10,0,
iceness,817865395,6,4,f,-,-,-,5022,0,0,
iceness,817865488,6,3,c,kc,k,bf,5022,109,0,
iceness,817865562,5,2,Bk,cc,k,k,4913,160,480,Kd,8s
iceness,817865686,5,1,Bc,kf,-,-,5233,10,0,
iceness,817865757,6,6,c,r,-,-,5223,170,240,
iceness,817865801,5,4,c,r,k,k,5293,130,0,8d,5d
iceness,817865836,5,3,f,-,-,-,5163,0,0,
iceness,817865873,5,2,Bc,kf,-,-,5163,35,0,
iceness,817865905,5,1,Bf,-,-,-,5128,5,0,
iceness,817865921,6,5,c,f,-,-,5123,10,0,
iceness,817866038,6,4,cc,k,k,k,5113,45,0,2h,5c
iceness,817866107,7,3,cf,-,-,-,5068,10,0,
iceness,817866200,8,2,Bc,k,k,k,5058,35,0,As,6d
iceness,817866256,8,1,Bc,kf,-,-,5023,10,0,
iceness,817866333,8,8,c,c,r,-,5013,350,480,
iceness,817866391,8,7,f,-,-,-,5143,0,0,
iceness,817866440,8,6,f,-,-,-,5143,0,0,
iceness,817866503,8,5,c,f,-,-,5143,10,0,
iceness,817866575,8,4,f,-,-,-,5133,0,0,
iceness,817866606,8,3,f,-,-,-,5133,0,0,
iceness,817866665,8,2,Bf,-,-,-,5133,10,0,
iceness,817866720,8,1,Bc,kf,-,-,5123,10,0,
iceness,817866777,8,8,c,b,-,-,5113,50,80,
iceness,817866820,8,7,c,c,k,f,5143,60,0,
iceness,817866900,8,6,f,-,-,-,5083,0,0,
iceness,817866949,8,5,f,-,-,-,5083,0,0,
iceness,817867076,8,4,cc,c,k,b,5083,935,1440,
iceness,817867169,8,3,f,-,-,-,5588,0,0,
iceness,817867217,7,2,Bk,b,k,b,5588,160,375,8c,7c
iceness,817867302,7,1,Bf,-,-,-,5803,5,0,
iceness,817867332,7,7,f,-,-,-,5798,0,0,
iceness,817867370,7,6,c,b,k,f,5798,50,0,
iceness,817867412,7,5,cc,k,kf,-,5748,55,0,
iceness,817867478,7,4,cc,f,-,-,5693,60,0,
iceness,817867556,7,3,f,-,-,-,5633,0,0,
iceness,817867600,8,2,Bk,kr,k,b,5633,400,540,
iceness,817867642,8,1,Bc,kf,-,-,5773,10,0,
iceness,817867724,8,8,f,-,-,-,5763,0,0,
iceness,817867759,7,6,c,c,f,-,5763,55,0,
iceness,817867817,7,5,cc,kf,-,-,5708,65,0,
iceness,817867875,8,5,cf,-,-,-,5643,10,0,
iceness,817867920,9,5,f,-,-,-,5633,0,0,
iceness,817867967,9,4,r,k,k,k,5633,45,0,Qs,Ac
iceness,817868051,9,3,f,-,-,-,5588,0,0,
iceness,817868087,9,2,Bk,kf,-,-,5588,10,0,
iceness,817868168,9,1,Bc,kf,-,-,5578,10,0,
iceness,817868272,10,10,c,k,k,k,5568,10,0,9h,5s
iceness,817868390,9,8,c,c,r,f,5558,400,0,
iceness,817868470,10,7,cc,k,br,-,5158,2925,3960,
iceness,817868563,10,6,c,f,-,-,6193,10,0,
iceness,817868616,10,5,c,k,r,k,6183,170,0,Kd,Jc
iceness,817868707,10,4,f,-,-,-,6013,0,0,
iceness,817868795,10,3,f,-,-,-,6013,0,0,
iceness,817868850,10,2,Bk,k,k,kf,6013,10,0,
iceness,817868968,10,1,Bf,-,-,-,6003,5,0,
iceness,817869009,10,10,c,c,f,-,5998,190,0,
iceness,817869090,10,9,cf,-,-,-,5808,10,0,
iceness,817869371,10,8,cf,-,-,-,5798,10,0,
iceness,817869455,10,7,f,-,-,-,5788,0,0,
iceness,817869525,8,4,f,-,-,-,5788,0,0,
iceness,817869578,8,4,f,-,-,-,5788,0,0,
iceness,817869626,8,3,c,k,f,-,5788,10,0,
iceness,817869701,7,2,Br,b,k,kc,5778,1060,0,8h,8s
iceness,817869769,7,1,Bc,kf,-,-,4718,10,0,
iceness,817869859,7,7,c,f,-,-,4708,10,0,
iceness,817869944,7,6,f,-,-,-,4698,0,0,
iceness,817869994,8,6,f,-,-,-,4698,0,0,
iceness,817870038,8,5,cc,b,k,k,4698,165,0,9h,Jh
iceness,817870129,8,4,cc,kr,-,-,4533,465,630,
iceness,817870186,7,3,f,-,-,-,4698,0,0,
iceness,817870281,7,2,Bk,f,-,-,4698,10,0,
iceness,817870345,7,1,Bc,b,b,kc,4688,370,0,3h,9c
iceness,817870420,7,7,c,k,k,f,4318,10,0,
iceness,817870474,7,6,f,-,-,-,4308,0,0,
iceness,817870544,7,5,cc,kr,b,kf,4308,1410,0,
iceness,817870609,7,4,f,-,-,-,2898,0,0,
iceness,817870667,7,3,Q,-,-,-,2898,0,0,
iceness,818122785,9,3,f,-,-,-,3063,0,0,
iceness,818122888,8,2,Bf,-,-,-,3063,10,0,
iceness,818122953,9,1,Bc,kr,b,bcA,3053,3053,0,Th,2h
