pogo,818792663,3,3,f,-,-,-,4257,0,0,
pogo,818792695,3,2,Bf,-,-,-,4257,10,0,
pogo,818792708,3,1,Bf,-,-,-,4247,5,0,
pogo,818792720,3,3,r,-,-,-,4242,35,50,
pogo,818792723,3,2,Bc,f,-,-,4257,30,0,
pogo,818792738,3,1,Bf,-,-,-,4227,5,0,
pogo,818792743,3,3,c,b,-,-,4222,35,50,
pogo,818792777,3,2,Br,b,-,-,4237,110,150,
pogo,818792794,3,1,Bc,b,-,-,4277,30,40,
pogo,818792807,3,3,f,-,-,-,4287,0,0,
pogo,818792811,3,2,Bk,br,-,-,4287,400,540,
pogo,818792830,3,1,Bf,-,-,-,4427,5,0,
pogo,818792837,3,3,f,-,-,-,4422,0,0,
pogo,818792864,3,2,Bf,-,-,-,4422,10,0,
pogo,818792872,3,1,Bc,kf,-,-,4412,35,0,
pogo,818792883,3,3,r,b,b,k,4377,355,0,Kh,Ad
pogo,818792907,3,2,Bk,k,kc,k,4022,30,65,2d,Tc
pogo,818792929,3,1,Bf,-,-,-,4057,5,0,
pogo,818792933,3,3,f,-,-,-,4052,0,0,
pogo,818792961,3,2,B,-,-,-,4052,10,15,
pogo,818792963,3,1,Bc,b,-,-,4057,30,40,
pogo,818792973,3,3,c,b,-,-,4067,35,50,
pogo,818792989,3,2,B,-,-,-,4082,10,15,
pogo,818792992,3,1,Bf,-,-,-,4087,5,0,
pogo,818792997,3,3,r,-,-,-,4082,35,50,
pogo,818793010,3,2,Bk,kf,-,-,4097,10,0,
pogo,818793022,3,1,Bf,-,-,-,4087,5,0,
pogo,818793054,3,3,f,-,-,-,4082,0,0,
pogo,818793075,4,2,Bk,kr,b,b,4082,1410,0,2d,Kc
pogo,818793101,4,1,Bf,-,-,-,2672,5,0,
pogo,818793128,4,4,f,-,-,-,2667,0,0,
pogo,818793134,4,3,f,-,-,-,2667,0,0,
pogo,818793136,4,2,Bk,k,c,rc,2667,1210,0,Jc,5h
pogo,818793162,4,1,Bc,k,b,-,1457,50,80,
pogo,818793192,4,4,f,-,-,-,1487,0,0,
pogo,818793201,4,3,f,-,-,-,1487,0,0,
pogo,818793231,4,2,Bk,k,k,k,1487,10,13,4s,Ks
pogo,818793259,4,1,Bf,-,-,-,1490,5,0,
pogo,818793271,4,4,f,-,-,-,1485,0,0,
pogo,818793278,4,3,f,-,-,-,1485,0,0,
pogo,818793293,4,2,Bk,b,-,-,1485,50,80,
pogo,818793310,4,1,Bc,kf,-,-,1515,10,0,
pogo,818793350,4,4,c,-,-,-,1505,10,25,
pogo,818793366,4,3,f,-,-,-,1520,0,0,
pogo,818793385,4,2,Bc,bc,kf,-,1520,335,0,
pogo,818793408,4,1,Bf,-,-,-,1185,5,0,
pogo,818793413,4,4,r,-,-,-,1180,35,50,
pogo,818793420,4,3,f,-,-,-,1195,0,0,
pogo,818793426,4,2,Bk,k,b,b,1195,130,270,As,Qd
pogo,818793452,4,1,Bc,kr,-,-,1335,355,480,
pogo,818793471,4,4,c,b,b,-,1460,110,150,
pogo,818793488,4,3,f,-,-,-,1500,0,0,
pogo,818793503,4,2,Bk,k,k,k,1500,10,0,8d,3h
pogo,818793522,4,1,Bf,-,-,-,1490,5,0,
pogo,818793543,4,4,r,-,-,-,1485,35,50,
pogo,818793554,4,3,f,-,-,-,1500,0,0,
pogo,818793578,4,2,Bf,-,-,-,1500,10,0,
pogo,818793606,3,1,Br,b,-,-,1490,90,120,
pogo,818793616,5,3,f,-,-,-,1520,0,0,
pogo,818793635,5,2,Bk,k,k,k,1520,10,0,Jh,Qd
pogo,818793659,5,1,Bf,-,-,-,1510,5,0,
pogo,818793676,5,5,cc,c,c,f,1505,690,0,
pogo,818793794,6,5,f,-,-,-,815,0,0,
pogo,818793852,6,4,f,-,-,-,815,0,0,
pogo,818793903,6,4,c,f,-,-,815,10,0,
pogo,818793956,5,2,Bk,kf,-,-,805,10,0,
pogo,818793974,5,1,Br,-,-,-,795,40,60,
pogo,818793994,5,5,f,-,-,-,815,0,0,
pogo,818794024,5,4,f,-,-,-,815,0,0,
pogo,818794053,5,3,r,-,-,-,815,35,50,
pogo,818794077,5,2,Br,k,b,-,830,185,280,
pogo,818794109,5,1,Bf,-,-,-,925,5,0,
pogo,818794116,5,5,f,-,-,-,920,0,0,
pogo,818794131,5,4,f,-,-,-,920,0,0,
pogo,818794157,5,3,f,-,-,-,920,0,0,
pogo,818794173,4,1,Bk,b,bf,-,920,90,0,
pogo,818794196,4,1,Bf,-,-,-,830,5,0,
pogo,818794207,4,4,c,k,f,-,825,10,0,
pogo,818794234,5,4,f,-,-,-,815,0,0,
pogo,818794258,5,3,cc,f,-,-,815,40,0,
pogo,818794297,5,2,Bf,-,-,-,775,10,0,
pogo,818794314,5,1,Bc,brA,-,-,765,765,1130,
pogo,818794343,5,5,f,-,-,-,1130,0,0,
pogo,818794353,5,4,f,-,-,-,1130,0,0,
pogo,818794396,5,3,f,-,-,-,1130,0,0,
pogo,818794404,5,2,Bk,k,kc,kr,1130,335,450,
pogo,818794428,5,1,Bf,-,-,-,1245,5,0,
pogo,818794470,5,5,f,-,-,-,1240,0,0,
pogo,818794491,5,4,f,-,-,-,1240,0,0,
pogo,818794528,5,3,f,-,-,-,1240,0,0,
pogo,818794551,6,2,Bk,kf,-,-,1240,10,0,
pogo,818794650,6,1,Br,b,-,-,1230,130,180,
pogo,818794675,6,6,f,-,-,-,1280,0,0,
pogo,818794787,5,4,f,-,-,-,1280,0,0,
pogo,818794816,5,3,f,-,-,-,1280,0,0,
pogo,818794825,5,2,Bf,-,-,-,1280,10,0,
pogo,818794867,5,1,Bc,kf,-,-,1270,30,0,
pogo,818794895,5,5,f,-,-,-,1240,0,0,
pogo,818794908,4,3,c,f,-,-,1240,10,0,
pogo,818794936,4,3,f,-,-,-,1230,0,0,
pogo,818794954,4,2,B,-,-,-,1230,10,15,
pogo,818794963,4,1,Bf,-,-,-,1235,5,0,
pogo,818794973,4,4,r,b,-,-,1230,115,160,
pogo,818794988,4,3,c,b,-,-,1275,45,70,
pogo,818795010,3,2,Bf,-,-,-,1300,10,0,
pogo,818795020,3,1,Bf,-,-,-,1290,5,0,
pogo,818795033,3,3,f,-,-,-,1285,0,0,
pogo,818795042,3,2,B,-,-,-,1285,10,15,
pogo,818795048,3,1,Bf,-,-,-,1290,5,0,
pogo,818795061,3,3,cc,f,-,-,1285,40,0,
pogo,818795093,3,2,B,-,-,-,1245,10,15,
pogo,818795101,3,1,Bf,-,-,-,1250,5,0,
pogo,818795106,3,3,f,-,-,-,1245,0,0,
pogo,818795110,3,2,Br,b,-,-,1245,270,360,
pogo,818795129,3,1,Bf,-,-,-,1335,5,0,
pogo,818795145,3,3,r,-,-,-,1330,35,50,
pogo,818795156,3,2,B,-,-,-,1345,10,15,
pogo,818795163,3,1,Bf,-,-,-,1350,5,0,
pogo,818795169,3,3,f,-,-,-,1345,0,0,
pogo,818795173,3,2,Bf,-,-,-,1345,10,0,
pogo,818795184,3,1,Bc,kc,kc,kc,1335,1075,2160,8s,As
pogo,818795203,3,3,f,-,-,-,2420,0,0,
pogo,818795225,3,2,Bf,-,-,-,2420,10,0,
pogo,818795231,3,1,Br,b,b,b,2410,810,0,Ac,Td
pogo,818795252,3,3,f,-,-,-,1600,0,0,
pogo,818795258,3,2,B,-,-,-,1600,10,15,
pogo,818795261,3,1,Bc,kf,-,-,1605,35,0,
pogo,818795270,3,3,c,b,-,-,1570,40,60,
pogo,818795286,3,2,Bf,-,-,-,1590,10,0,
pogo,818795304,3,1,Bc,b,-,-,1580,30,40,
pogo,818795314,3,3,c,k,b,k,1590,35,0,4s,5s
pogo,818795335,3,2,B,-,-,-,1555,10,15,
pogo,818795343,3,1,Br,k,kc,k,1560,90,180,Th,Ac
pogo,818795372,3,3,r,br,-,-,1650,1010,1350,
pogo,818795392,3,2,B,-,-,-,1990,10,15,
pogo,818795397,3,1,Bf,-,-,-,1995,5,0,
pogo,818795414,3,3,c,k,b,-,1990,35,50,
pogo,818795430,3,2,Bc,f,-,-,2005,30,0,
pogo,818795481,3,1,Bf,-,-,-,1975,5,0,
pogo,818795484,3,3,f,-,-,-,1970,0,0,
pogo,818795488,3,2,B,-,-,-,1970,10,15,
pogo,818795495,3,1,Bc,kf,-,-,1975,35,0,
pogo,818795510,3,3,f,-,-,-,1940,0,0,
pogo,818795523,3,2,B,-,-,-,1940,10,15,
pogo,818795526,3,1,Bf,-,-,-,1945,5,0,
pogo,818795535,3,3,f,-,-,-,1940,0,0,
pogo,818795551,3,2,Bk,k,kf,-,1940,10,0,
pogo,818795555,3,1,Bcc,kf,-,-,1930,140,0,
pogo,818795603,3,3,f,-,-,-,1790,0,0,
pogo,818795609,3,2,Bf,-,-,-,1790,10,0,
pogo,818795618,3,1,Bf,-,-,-,1780,5,0,
pogo,818795622,3,3,f,-,-,-,1775,0,0,
pogo,818795636,3,2,B,-,-,-,1775,10,15,
pogo,818795640,3,1,Br,-,-,-,1780,30,40,
pogo,818795649,3,3,r,-,-,-,1790,35,50,
pogo,818795654,3,2,Bc,b,-,-,1805,90,120,
pogo,818795674,3,1,Br,-,-,-,1835,30,40,
pogo,818795686,3,3,c,k,k,k,1845,10,0,9h,6h
pogo,818795725,3,2,Bf,-,-,-,1835,10,0,
pogo,818795733,3,1,Bc,kr,-,-,1825,455,630,
pogo,818795752,3,3,f,-,-,-,2000,0,0,
pogo,818795756,3,2,B,-,-,-,2000,10,15,
pogo,818795759,3,1,Bf,-,-,-,2005,5,0,
pogo,818795764,3,3,f,-,-,-,2000,0,0,
pogo,818795768,3,2,B,-,-,-,2000,10,15,
pogo,818795773,3,1,Br,b,k,kf,2005,90,0,
pogo,818795799,3,3,f,-,-,-,1915,0,0,
pogo,818795820,3,2,Bf,-,-,-,1915,10,0,
pogo,818795826,3,1,Bf,-,-,-,1905,5,0,
pogo,818795830,3,3,f,-,-,-,1900,0,0,
pogo,818795834,3,2,B,-,-,-,1900,10,15,
pogo,818795836,3,1,Bf,-,-,-,1905,5,0,
pogo,818795842,3,3,f,-,-,-,1900,0,0,
pogo,818795846,3,2,Bc,c,f,-,1900,90,0,
pogo,818795864,3,1,Bf,-,-,-,1810,5,0,
pogo,818795867,3,3,c,b,-,-,1805,40,60,
pogo,818795884,3,2,Bf,-,-,-,1825,10,0,
pogo,818795901,3,1,Bc,b,-,-,1815,115,160,
pogo,818795911,3,3,r,b,-,-,1860,110,150,
pogo,818795921,3,2,Bf,-,-,-,1900,10,0,
pogo,818795930,3,1,Bf,-,-,-,1890,5,0,
pogo,818795932,3,3,f,-,-,-,1885,0,0,
pogo,818795941,3,2,B,-,-,-,1885,10,15,
pogo,818795944,3,1,Bf,-,-,-,1890,5,0,
pogo,818795952,3,3,r,-,-,-,1885,35,50,
pogo,818795964,3,2,Bf,-,-,-,1900,10,0,
pogo,818795977,3,1,Bf,-,-,-,1890,5,0,
pogo,818795981,3,3,f,-,-,-,1885,0,0,
pogo,818795987,3,2,Bk,b,b,k,1885,110,225,Tc,Ts
pogo,818796005,3,1,Bf,-,-,-,2000,5,0,
pogo,818796046,3,3,f,-,-,-,1995,0,0,
pogo,818796050,3,2,Bf,-,-,-,1995,10,0,
pogo,818796057,3,1,Bc,b,-,-,1985,30,40,
pogo,818796067,3,3,r,br,-,-,1995,1010,1350,
pogo,818796100,3,2,B,-,-,-,2335,10,15,
pogo,818796106,3,1,Bc,k,k,b,2340,140,210,
pogo,818796143,3,3,f,-,-,-,2410,0,0,
pogo,818796151,3,2,Bk,k,b,-,2410,35,50,
pogo,818796168,3,1,Bf,-,-,-,2425,5,0,
pogo,818796180,3,3,f,-,-,-,2420,0,0,
pogo,818796195,3,2,Bf,-,-,-,2420,10,0,
pogo,818796213,3,1,Bf,-,-,-,2410,5,0,
pogo,818796217,3,3,r,bc,f,-,2405,455,0,
pogo,818796239,3,2,Bc,r,-,-,1950,270,360,
pogo,818796251,3,1,Bf,-,-,-,2040,5,0,
pogo,818796254,3,3,f,-,-,-,2035,0,0,
pogo,818796271,3,2,B,-,-,-,2035,10,15,
pogo,818796274,3,1,Bf,-,-,-,2040,5,0,
pogo,818796279,3,3,r,-,-,-,2035,35,50,
pogo,818796283,3,2,B,-,-,-,2050,10,15,
pogo,818796285,3,1,Bc,k,k,b,2055,30,40,
pogo,818796297,3,3,c,k,c,k,2065,40,0,8d,9d
pogo,818796332,3,2,B,-,-,-,2025,10,15,
pogo,818796345,3,1,Bc,kf,-,-,2030,35,0,
pogo,818796377,3,3,f,-,-,-,1995,0,0,
pogo,818796388,3,2,B,-,-,-,1995,10,15,
pogo,818796395,3,1,Bf,-,-,-,2000,5,0,
pogo,818796399,3,3,r,-,-,-,1995,35,50,
pogo,818796412,3,2,Bc,k,k,b,2010,110,150,
pogo,818796443,3,1,Bf,-,-,-,2050,5,0,
pogo,818796447,3,3,r,-,-,-,2045,35,50,
pogo,818796468,3,2,B,-,-,-,2060,10,15,
pogo,818796470,3,1,Bc,kc,k,b,2065,90,120,
pogo,818796487,3,3,f,-,-,-,2095,0,0,
pogo,818796499,3,2,Bk,k,k,k,2095,10,0,8h,2h
pogo,818796516,3,1,Br,-,-,-,2085,30,40,
pogo,818796518,3,3,r,-,-,-,2095,35,50,
pogo,818796521,3,2,B,-,-,-,2110,10,15,
pogo,818796536,3,1,Bc,b,-,-,2115,115,160,
pogo,818796585,3,3,c,r,b,b,2160,1210,2430,As,3d
pogo,818796620,3,2,Bc,f,-,-,3380,30,0,
pogo,818796653,3,1,Br,-,-,-,3350,30,40,
pogo,818796660,3,3,r,-,-,-,3360,35,50,
pogo,818796673,3,2,Bc,r,bf,-,3375,810,0,
pogo,818796695,3,1,Bf,-,-,-,2565,5,0,
pogo,818796710,3,3,f,-,-,-,2560,0,0,
pogo,818796714,3,2,Bf,-,-,-,2560,10,0,
pogo,818796719,3,1,Bf,-,-,-,2550,5,0,
pogo,818796724,3,3,c,b,-,-,2545,40,60,
pogo,818796738,3,2,Bk,b,-,-,2565,40,60,
pogo,818796752,3,1,Bf,-,-,-,2585,5,0,
pogo,818796761,3,3,f,-,-,-,2580,0,0,
pogo,818796800,3,2,B,-,-,-,2580,10,15,
pogo,818796803,3,1,Bc,b,-,-,2585,30,40,
pogo,818796816,3,3,c,b,-,-,2595,35,50,
pogo,818796848,3,2,B,-,-,-,2610,10,15,
pogo,818796855,3,1,Bc,kc,k,b,2615,560,0,Qh,Qd
pogo,818796897,3,3,f,-,-,-,2055,0,0,
pogo,818796947,3,2,B,-,-,-,2055,10,15,
pogo,818796948,3,1,Bf,-,-,-,2060,5,0,
pogo,818796950,3,3,f,-,-,-,2055,0,0,
pogo,818796962,3,2,B,-,-,-,2055,10,15,
pogo,818796967,3,1,Bf,-,-,-,2060,5,0,
pogo,818796979,3,3,r,-,-,-,2055,35,50,
pogo,818796989,3,2,Br,bc,f,-,2070,810,0,
pogo,818797037,3,1,Bf,-,-,-,1260,5,0,
pogo,818797042,3,3,r,-,-,-,1255,35,50,
pogo,818797061,3,2,B,-,-,-,1270,10,15,
pogo,818797064,3,1,Bc,k,k,k,1275,10,20,6s,8s
pogo,818797075,3,3,c,k,k,k,1285,10,0,8c,7s
pogo,818797104,3,2,Bf,-,-,-,1275,10,0,
pogo,818797108,3,1,Br,-,-,-,1265,30,40,
pogo,818797117,3,3,f,-,-,-,1275,0,0,
pogo,818797134,3,2,B,-,-,-,1275,10,15,
pogo,818797137,3,1,Bf,-,-,-,1280,5,0,
pogo,818797143,3,3,f,-,-,-,1275,0,0,
pogo,818797146,3,2,B,-,-,-,1275,10,15,
pogo,818797153,3,1,Br,b,-,-,1280,90,120,
pogo,818797161,3,3,f,-,-,-,1310,0,0,
pogo,818797166,3,2,B,-,-,-,1310,10,15,
pogo,818797169,3,1,Bf,-,-,-,1315,5,0,
pogo,818797174,3,3,r,b,-,-,1310,115,160,
pogo,818797184,3,2,Bf,-,-,-,1355,10,0,
pogo,818797189,3,1,Bf,Q,-,-,1345,5,0,
