clarko,818793794,6,2,Bc,r,b,k,5600,810,0,Kd,8c
clarko,818793852,6,1,Bc,b,k,b,4790,355,720,7c,6c
clarko,818793903,6,6,c,f,-,-,5155,10,0,
clarko,818793956,5,4,f,-,-,-,5145,0,0,
clarko,818793974,5,3,cf,-,-,-,5145,10,0,
clarko,818793994,5,2,Bk,f,-,-,5135,10,0,
clarko,818794024,5,1,Bf,-,-,-,5125,5,0,
clarko,818794053,5,5,f,-,-,-,5120,0,0,
clarko,818794077,5,4,f,-,-,-,5120,0,0,
clarko,818794109,5,3,f,-,-,-,5120,0,0,
clarko,818794116,5,2,Bk,kf,-,-,5120,10,0,
clarko,818794131,5,1,Bc,kf,-,-,5110,10,0,
clarko,818794157,5,5,f,-,-,-,5100,0,0,
clarko,818794173,4,3,f,-,-,-,5100,0,0,
clarko,818794196,4,3,r,b,-,-,5100,110,150,
clarko,818794207,4,2,Bk,k,kf,-,5140,10,0,
clarko,818794234,5,1,Bc,k,k,kf,5130,10,0,
clarko,818794258,5,5,f,-,-,-,5120,0,0,
clarko,818794297,5,4,r,-,-,-,5120,35,50,
clarko,818794314,5,3,f,-,-,-,5135,0,0,
clarko,818794343,5,2,B,-,-,-,5135,10,15,
clarko,818794353,5,1,Bc,kc,kf,-,5140,140,0,
clarko,818794396,5,5,c,b,-,-,5000,35,50,
clarko,818794404,5,4,c,k,b,bf,5015,110,0,
clarko,818794428,5,3,cc,bc,k,k,4905,465,945,Js,9s
clarko,818794470,5,2,B,-,-,-,5385,10,15,
clarko,818794491,5,1,Bc,kf,-,-,5390,10,0,
clarko,818794528,5,5,f,-,-,-,5380,0,0,
clarko,818794551,6,5,c,cc,r,-,5380,2770,3840,
clarko,818794650,6,4,f,-,-,-,6450,0,0,
clarko,818794675,6,3,f,-,Q,-,6450,0,0,
