jpm,817870845,7,6,f,-,-,-,5139,0,0,
jpm,817870894,7,5,f,-,-,-,5139,0,0,
jpm,817870944,7,4,f,-,-,-,5139,0,0,
jpm,817871000,7,3,f,-,-,-,5139,0,0,
jpm,817871058,7,2,Bk,kc,k,b,5139,210,320,
jpm,817871118,6,1,Bcf,-,-,-,5249,10,0,
jpm,817871151,6,6,f,-,-,-,5239,0,0,
jpm,817871208,6,5,f,-,-,-,5239,0,0,
jpm,817871293,6,4,cc,kf,-,-,5239,45,0,
jpm,817871370,6,3,r,k,kf,-,5194,35,0,
jpm,817871403,7,2,Bk,kf,-,-,5159,10,0,
jpm,817871447,7,1,Bc,kf,-,-,5149,10,0,
jpm,817871495,6,6,r,f,-,-,5139,35,0,
jpm,817871533,6,5,r,b,-,-,5104,140,210,
jpm,817871595,6,4,cf,-,-,-,5174,10,0,
jpm,817871667,4,2,Bf,-,-,-,5164,10,0,
jpm,817871682,4,1,Bcf,-,-,-,5154,10,0,
jpm,817871704,3,3,c,r,b,k,5144,330,790,9c,9d
jpm,817871779,3,2,Bc,f,-,-,5604,30,0,
jpm,817871821,3,1,Bc,b,kr,kf,5574,210,0,
jpm,817871873,4,4,f,-,-,-,5364,0,0,
jpm,817871934,3,2,Bc,k,kf,-,5364,35,0,
jpm,817871994,3,1,Br,b,-,-,5329,160,240,
jpm,817872026,3,3,f,-,-,-,5409,0,0,
jpm,817872037,3,2,Bc,b,b,b,5409,410,625,
jpm,817872085,4,1,BQ,-,-,-,5624,5,0,
jpm,818451310,6,6,c,f,-,-,4126,10,0,
jpm,818451386,6,5,r,k,k,k,4116,30,0,Ac,5h
jpm,818451472,6,4,f,-,-,-,4086,0,0,
jpm,818451547,6,3,r,b,k,c,4086,430,0,Kd,Ac
jpm,818451599,6,2,Bk,k,f,-,3656,10,0,
jpm,818451654,6,1,Bc,krf,-,-,3646,130,0,
jpm,818451777,6,6,f,-,-,-,3516,0,0,
jpm,818451810,6,5,f,-,-,-,3516,0,0,
jpm,818451852,6,4,c,k,b,-,3516,60,100,
jpm,818451903,6,3,c,k,k,kf,3556,10,0,
jpm,818452025,5,2,Bf,-,-,-,3546,10,0,
jpm,818452085,5,1,Br,k,k,k,3536,30,0,Th,Jh
jpm,818452160,5,5,f,-,-,-,3506,0,0,
jpm,818452175,5,4,f,-,-,-,3506,0,0,
jpm,818452261,4,3,f,-,-,-,3506,0,0,
jpm,818452276,4,2,Bf,-,-,-,3506,10,0,
jpm,818452279,4,1,Bc,kf,-,-,3496,10,0,
jpm,818452298,4,4,r,-,-,-,3486,30,45,
jpm,818452329,4,3,c,kf,-,-,3501,10,0,
jpm,818452467,4,2,Bk,b,-,-,3491,40,60,
jpm,818452471,4,1,Bc,kf,-,-,3511,10,0,
jpm,818452488,4,4,f,-,-,-,3501,0,0,
jpm,818452490,4,3,f,-,-,-,3501,0,0,
jpm,818452492,3,2,Bk,k,r,k,3501,70,0,7d,6s
jpm,818452528,4,1,Bc,k,k,kf,3431,10,0,
jpm,818452604,4,4,f,-,-,-,3421,0,0,
jpm,818452654,4,3,r,b,-,-,3421,80,150,
jpm,818452704,4,2,Bf,-,-,-,3491,10,0,
jpm,818452718,4,1,Bc,k,kc,kf,3481,30,0,
jpm,818452787,4,4,r,b,k,f,3451,420,0,
jpm,818452893,4,3,c,kf,-,-,3031,10,0,
jpm,818452921,4,2,Bk,kf,-,-,3021,10,0,
jpm,818452955,3,1,BQ,-,-,-,3011,5,0,
