Filaman,819502195,3,2,Bc,kc,k,k,10090,110,0,Ah,7d
Filaman,819502229,3,1,Bc,kf,-,-,9980,10,0,
Filaman,819502246,3,3,f,-,-,-,9970,0,0,
Filaman,819502262,3,2,B,-,-,-,9970,10,15,
Filaman,819502266,3,1,Bc,kf,-,-,9975,10,0,
Filaman,819502281,3,3,c,c,c,b,9965,400,540,
Filaman,819502309,3,2,Bf,-,-,-,10105,10,0,
Filaman,819502319,3,1,Bc,bc,kc,kc,10095,810,0,Ac,5s
Filaman,819502350,3,3,f,-,-,-,9285,0,0,
Filaman,819502392,3,2,Bc,kc,kf,-,9285,110,0,
Filaman,819502426,3,1,Bf,-,-,-,9175,5,0,
Filaman,819502442,3,3,cc,c,c,k,9170,400,810,8s,Ah
Filaman,819502474,3,2,Bc,b,-,-,9580,140,210,
Filaman,819502497,3,1,Bf,-,-,-,9650,5,0,
Filaman,819502516,3,3,r,k,k,k,9645,35,80,Td,As
Filaman,819502540,3,2,Bf,-,-,-,9690,10,0,
Filaman,819502547,3,1,Bcc,b,-,-,9680,160,240,
Filaman,819502570,3,3,f,-,-,-,9760,0,0,
Filaman,819502580,3,2,Bc,kf,-,-,9760,35,0,
Filaman,819502599,3,1,Bf,-,-,-,9725,5,0,
Filaman,819502605,3,3,f,-,-,-,9720,0,0,
Filaman,819502614,3,2,Bf,-,-,-,9720,10,0,
Filaman,819502627,3,1,Bc,k,b,-,9710,30,40,
Filaman,819502652,3,3,f,-,-,-,9720,0,0,
Filaman,819502688,3,2,Bf,-,-,-,9720,10,0,
Filaman,819502719,3,1,Bf,-,-,-,9710,5,0,
Filaman,819502728,3,3,f,-,-,-,9705,0,0,
Filaman,819502802,3,2,Br,b,-,-,9705,455,630,
Filaman,819502841,3,1,Bc,kc,k,k,9880,30,0,5h,Ac
Filaman,819502876,3,3,rc,c,c,-,9850,1721,0,Jd,Ks
Filaman,819502939,5,3,c,k,r,-,8129,170,240,
Filaman,819502994,5,2,Br,b,b,-,8199,1010,1350,
Filaman,819503026,5,1,Bf,-,-,-,8539,5,0,
Filaman,819503053,5,5,c,f,-,-,8534,10,0,
Filaman,819503093,5,4,f,-,-,-,8524,0,0,
Filaman,819503109,5,3,rr,k,b,kf,8524,1655,0,
Filaman,819503193,5,2,Bf,-,-,-,6869,10,0,
Filaman,819503228,5,1,Bc,kr,-,-,6859,495,690,
Filaman,819503257,5,5,c,k,k,k,7054,10,0,Qd,8d
Filaman,819503310,5,4,f,-,-,-,7044,0,0,
Filaman,819503328,5,3,f,-,-,-,7044,0,0,
Filaman,819503358,5,2,Bf,-,-,-,7044,10,0,
Filaman,819503393,5,1,Bc,br,-,-,7034,400,540,
Filaman,819503420,5,5,f,-,-,-,7174,0,0,
Filaman,819503458,5,4,f,-,-,-,7174,0,0,
Filaman,819503478,5,3,f,-,-,-,7174,0,0,
Filaman,819503509,5,2,Bf,-,-,-,7174,10,0,
Filaman,819503526,5,1,Bc,kf,-,-,7164,10,0,
Filaman,819503571,5,5,c,k,k,k,7154,10,25,8s,7s
Filaman,819503604,4,4,c,f,-,-,7169,10,0,
Filaman,819503657,4,3,cc,kf,-,-,7159,40,0,
Filaman,819503700,4,2,Bc,kf,-,-,7119,35,0,
Filaman,819503734,4,1,Bf,-,-,-,7084,5,0,
Filaman,819503763,4,4,r,b,-,-,7079,140,210,
Filaman,819503790,4,3,f,-,-,-,7149,0,0,
Filaman,819503802,4,2,Bc,k,b,-,7149,150,240,
Filaman,819503842,4,1,Bcc,kf,-,-,7239,30,0,
Filaman,819503871,4,4,r,-,-,-,7209,35,50,
Filaman,819503880,4,3,f,-,-,-,7224,0,0,
Filaman,819503908,4,2,Bk,b,-,-,7224,40,60,
Filaman,819503942,4,1,Bf,-,-,-,7244,5,0,
Filaman,819503955,4,4,f,-,-,-,7239,0,0,
Filaman,819503983,4,3,f,-,-,-,7239,0,0,
Filaman,819503996,4,2,Bk,f,-,-,7239,10,0,
Filaman,819504018,4,1,Bc,k,kf,-,7229,10,0,
Filaman,819504053,4,4,cf,-,-,-,7219,10,0,
Filaman,819504083,4,3,c,kf,-,-,7209,10,0,
Filaman,819504113,4,2,Bk,k,k,k,7199,10,0,6h,Ah
Filaman,819504156,4,1,Bf,-,-,-,7189,5,0,
Filaman,819504167,4,4,f,-,-,-,7184,0,0,
Filaman,819504201,4,3,f,-,-,-,7184,0,0,
Filaman,819504252,4,2,Bk,f,-,-,7184,10,0,
Filaman,819504285,4,1,Bc,b,-,-,7174,30,40,
Filaman,819504323,4,4,c,f,-,-,7184,10,0,
Filaman,819504368,4,3,f,-,-,-,7174,0,0,
Filaman,819504392,4,2,Br,b,-,-,7174,170,240,
Filaman,819504428,4,1,Bc,kf,-,-,7244,10,0,
Filaman,819504455,4,4,c,br,k,k,7234,335,0,8h,Kh
Filaman,819504502,4,3,c,k,b,b,6899,110,150,
Filaman,819504541,4,2,Bc,k,k,f,6939,30,0,
Filaman,819504590,5,1,Bf,-,-,-,6909,5,0,
Filaman,819504622,5,5,r,b,-,-,6904,190,270,
Filaman,819504663,5,4,c,b,-,-,6984,40,60,
Filaman,819504689,5,3,f,-,-,-,7004,0,0,
Filaman,819504741,5,2,Bc,kf,-,-,7004,35,0,
Filaman,819504771,5,1,Bcc,kf,-,-,6969,30,0,
Filaman,819504807,5,5,f,-,-,-,6939,0,0,
Filaman,819504816,5,4,f,-,-,-,6939,0,0,
Filaman,819504842,4,2,Bf,-,-,-,6939,10,0,
Filaman,819504864,4,1,Bc,k,k,k,6929,10,10,Td,4d
Filaman,819504898,4,4,f,-,-,-,6929,0,0,
Filaman,819504908,4,3,f,-,-,-,6929,0,0,
Filaman,819504930,4,2,Bk,c,c,f,6929,90,0,
Filaman,819504977,5,1,Bc,b,-,-,6839,40,60,
Filaman,819505010,5,5,f,-,-,-,6859,0,0,
Filaman,819505021,5,4,r,b,b,b,6859,1400,1890,
Filaman,819505076,4,3,c,k,b,b,7349,150,210,
Filaman,819505112,5,2,Bk,kf,-,-,7409,10,0,
Filaman,819505151,5,1,Bc,kf,-,-,7399,10,0,
Filaman,819505188,5,5,f,-,-,-,7389,0,0,
Filaman,819505229,5,4,f,-,-,-,7389,0,0,
Filaman,819505256,5,3,f,-,-,-,7389,0,0,
Filaman,819505333,5,2,Bf,-,-,-,7389,10,0,
Filaman,819505380,6,1,Bc,k,k,k,7379,10,40,7c,Ts
Filaman,819505428,6,6,f,-,-,-,7409,0,0,
Filaman,819505442,6,5,cc,kf,-,-,7409,30,0,
Filaman,819505507,6,4,cc,kc,kc,kf,7379,540,0,
Filaman,819505575,5,2,c,kf,-,-,6839,10,0,
Filaman,819505615,5,2,Bk,k,kf,-,6829,10,0,
Filaman,819505646,5,1,Bf,-,-,-,6819,5,0,
Filaman,819505678,5,5,f,-,-,-,6814,0,0,
Filaman,819505689,5,4,c,k,k,k,6814,10,25,3c,3d
Filaman,819505719,5,3,c,kf,-,-,6829,10,0,
Filaman,819505800,5,2,Bf,-,-,-,6819,10,0,
Filaman,819505822,5,1,Bf,-,-,-,6809,5,0,
Filaman,819505881,5,5,r,-,-,-,6804,45,70,
Filaman,819505911,5,3,Q,-,-,-,6829,0,0,
Filaman,819519119,3,2,Br,kc,k,kc,6829,359,0,Kd,Qd
Filaman,819519176,2,1,Bc,k,k,k,6470,10,20,5s,Ah
Filaman,819519199,3,3,r,b,-,-,6480,110,150,
Filaman,819519215,3,2,Bk,k,c,b,6520,90,120,
Filaman,819519244,3,1,Bc,k,k,kf,6550,10,0,
Filaman,819519276,3,3,c,k,k,f,6540,10,0,
Filaman,819519304,4,2,Bk,kf,-,-,6530,10,0,
Filaman,819519328,4,1,Bf,-,-,-,6520,5,0,
Filaman,819519366,4,4,f,-,-,-,6515,0,0,
Filaman,819519377,3,3,c,k,k,k,6515,10,25,7c,Kc
Filaman,819519406,3,2,Bf,-,-,-,6530,10,0,
Filaman,819519416,3,1,Bc,k,kf,-,6520,10,0,
Filaman,819519442,4,3,f,-,-,-,6510,0,0,
Filaman,819519506,4,2,Bk,b,-,-,6510,50,80,
Filaman,819519542,4,1,Bc,k,k,k,6540,10,30,3h,3d
Filaman,819519575,4,4,f,-,-,-,6560,0,0,
Filaman,819519601,4,3,f,-,-,-,6560,0,0,
Filaman,819519609,4,2,Bf,-,-,-,6560,10,0,
Filaman,819519643,4,1,Bc,bc,kc,k,6550,755,0,6h,Qh
Filaman,819519693,4,4,f,-,-,-,5795,0,0,
Filaman,819519731,4,3,f,-,-,-,5795,0,0,
Filaman,819519756,4,2,Bk,kf,-,-,5795,10,0,
Filaman,819519788,4,1,Bc,bc,kc,k,5785,400,0,Ts,8h
Filaman,819519826,5,5,r,b,-,-,5385,150,210,
Filaman,819519853,5,4,f,-,-,-,5445,0,0,
Filaman,819519861,5,3,f,-,-,-,5445,0,0,
Filaman,819519895,4,2,Bk,k,f,-,5445,10,0,
Filaman,819519939,5,1,Bc,k,k,k,5435,10,20,Qc,2c
Filaman,819519970,5,5,f,-,-,-,5445,0,0,
Filaman,819519993,5,4,cc,c,f,-,5445,150,0,
Filaman,819520041,5,3,c,k,f,-,5295,10,0,
Filaman,819520078,5,2,Bf,-,-,-,5285,10,0,
Filaman,819520099,5,1,Br,b,-,-,5275,355,480,
Filaman,819520127,5,5,f,-,-,-,5400,0,0,
Filaman,819520133,5,4,f,-,-,-,5400,0,0,
Filaman,819520177,6,3,f,-,-,-,5400,0,0,
Filaman,819520195,6,2,Br,b,b,-,5400,605,840,
Filaman,819520232,6,1,Bf,-,-,-,5635,5,0,
Filaman,819520286,6,6,c,f,-,-,5630,10,0,
Filaman,819520316,7,6,f,-,-,-,5620,0,0,
Filaman,819520368,8,6,f,-,-,-,5620,0,0,
Filaman,819520438,8,5,r,k,k,f,5620,45,0,
Filaman,819520482,9,5,f,-,-,-,5575,0,0,
Filaman,819520533,9,4,f,-,-,-,5575,0,0,
Filaman,819520580,9,3,f,-,-,-,5575,0,0,
Filaman,819520655,9,2,Bk,k,kf,-,5575,10,0,
Filaman,819520685,9,1,Bf,-,-,-,5565,5,0,
Filaman,819520725,9,9,f,-,-,-,5560,0,0,
Filaman,819520790,9,8,f,-,-,-,5560,0,0,
Filaman,819520879,9,7,c,kf,-,-,5560,10,0,
Filaman,819520905,9,6,f,-,-,-,5550,0,0,
Filaman,819520945,9,5,f,-,-,-,5550,0,0,
Filaman,819520984,9,4,f,-,-,-,5550,0,0,
Filaman,819521027,9,3,f,-,-,-,5550,0,0,
Filaman,819521074,9,2,Bf,-,-,-,5550,10,0,
Filaman,819521121,9,1,Bc,br,-,-,5540,690,960,
Filaman,819521183,9,9,f,-,-,-,5810,0,0,
Filaman,819521326,9,8,f,-,-,-,5810,0,0,
Filaman,819521425,9,7,f,-,-,-,5810,0,0,
Filaman,819521468,9,6,f,-,-,-,5810,0,0,
Filaman,819521540,9,5,c,k,k,k,5810,10,0,Qh,9h
Filaman,819521576,9,4,f,-,-,-,5800,0,0,
Filaman,819521642,9,3,f,-,-,-,5800,0,0,
Filaman,819521677,9,2,Bk,kf,-,-,5800,10,0,
Filaman,819521741,9,1,Bf,-,-,-,5790,5,0,
Filaman,819521804,10,10,f,-,-,-,5785,0,0,
Filaman,819521842,10,9,f,-,-,-,5785,0,0,
Filaman,819521912,10,8,f,-,-,-,5785,0,0,
Filaman,819522036,9,6,f,-,-,-,5785,0,0,
Filaman,819522159,8,5,f,-,-,-,5785,0,0,
Filaman,819522228,8,4,cc,kf,-,-,5785,35,0,
Filaman,819522287,8,3,f,-,-,-,5750,0,0,
Filaman,819522329,8,2,Bcc,k,kf,-,5750,485,0,
Filaman,819522445,8,1,Bc,kf,-,-,5265,10,0,
Filaman,819522506,9,9,f,-,-,-,5255,0,0,
Filaman,819522542,9,8,f,-,-,-,5255,0,0,
Filaman,819522581,9,7,r,-,-,-,5255,45,70,
Filaman,819522607,9,6,r,k,kf,-,5280,45,0,
Filaman,819522699,9,5,cc,kf,-,-,5235,30,0,
Filaman,819522753,9,4,f,-,-,-,5205,0,0,
Filaman,819522798,8,3,c,b,-,-,5205,55,90,
Filaman,819522835,8,2,Bf,-,-,-,5240,10,0,
Filaman,819522880,8,1,Bf,-,-,-,5230,5,0,
Filaman,819522909,8,8,f,-,-,-,5225,0,0,
Filaman,819522963,8,7,c,c,c,k,5225,130,0,Jh,Ts
Filaman,819523041,7,5,c,k,f,-,5095,10,0,
Filaman,819523071,7,4,f,-,-,-,5085,0,0,
Filaman,819523108,7,3,f,-,-,-,5085,0,0,
Filaman,819523165,7,2,Bf,-,-,-,5085,10,0,
Filaman,819523183,7,1,Bf,-,-,-,5075,5,0,
Filaman,819523200,7,7,c,k,c,f,5070,120,0,
Filaman,819523250,6,5,r,b,-,-,4950,110,150,
Filaman,819523275,6,4,c,k,f,-,4990,10,0,
Filaman,819523305,6,3,f,-,-,-,4980,0,0,
Filaman,819523333,6,2,Bk,kc,kc,b,4980,335,675,6h,Jh
Filaman,819523378,6,1,Bf,-,-,-,5320,5,0,
Filaman,819523426,5,5,f,-,-,-,5315,0,0,
Filaman,819523436,5,4,f,-,-,-,5315,0,0,
Filaman,819523468,5,3,cc,c,r,-,5315,1210,1620,
Filaman,819523496,5,2,Bf,-,-,-,5725,10,0,
Filaman,819523516,5,1,Bf,-,-,-,5715,5,0,
Filaman,819523535,5,5,f,-,-,-,5710,0,0,
Filaman,819523560,5,4,f,-,-,-,5710,0,0,
Filaman,819523607,5,3,cc,kc,k,kf,5710,185,0,
Filaman,819523677,5,2,Bf,-,-,-,5525,10,0,
Filaman,819523706,5,1,Bc,kf,-,-,5515,10,0,
Filaman,819523778,5,5,f,-,-,-,5505,0,0,
Filaman,819523799,5,4,f,-,-,-,5505,0,0,
Filaman,819523848,5,3,f,-,-,-,5505,0,0,
Filaman,819523873,5,2,Bf,-,-,-,5505,10,0,
Filaman,819523888,5,1,Bf,-,-,-,5495,5,0,
Filaman,819523919,4,4,c,k,r,-,5490,110,150,
Filaman,819523962,3,2,Bc,kf,-,-,5530,40,0,
Filaman,819523986,3,1,Bc,k,k,k,5490,10,20,9d,Jd
Filaman,819524010,3,3,f,-,-,-,5500,0,0,
Filaman,819524020,3,2,BQ,-,-,-,5500,10,0,
