evercall,818238629,6,4,c,f,-,-,4945,10,0,
evercall,818238684,5,2,Bf,-,-,-,4935,10,0,
evercall,818238732,5,1,Bc,kc,kf,-,4925,115,0,
evercall,818238769,5,5,c,f,-,-,4810,10,0,
evercall,818238854,5,4,f,-,-,-,4800,0,0,
evercall,818238920,5,3,f,-,-,-,4800,0,0,
evercall,818238934,5,2,Bk,b,-,-,4800,50,80,
evercall,818238957,5,1,Bc,kf,-,-,4830,10,0,
evercall,818238975,5,5,r,k,c,c,4820,240,0,Ad,Jd
evercall,818239012,5,4,r,b,-,-,4580,80,130,
evercall,818239050,5,3,c,b,kc,k,4630,235,540,Kd,2d
evercall,818239126,6,2,Bk,kf,-,-,4935,10,0,
evercall,818239185,6,1,Bc,bc,kc,k,4925,530,1080,6c,2c
evercall,818239259,6,6,c,f,-,-,5475,10,0,
evercall,818239307,6,5,f,-,-,-,5465,0,0,
evercall,818239351,6,4,c,kf,-,-,5465,10,0,
evercall,818239385,6,3,f,-,-,-,5455,0,0,
evercall,818239409,6,2,Bk,k,k,f,5455,10,0,
evercall,818239505,6,1,Bf,-,-,-,5445,5,0,
evercall,818239547,6,6,c,f,-,-,5440,10,0,
evercall,818239590,5,4,c,k,k,f,5430,10,0,
evercall,818239672,5,3,c,kf,-,-,5420,10,0,
evercall,818239733,6,3,f,-,-,-,5410,0,0,
evercall,818239769,6,2,Bf,-,-,-,5410,10,0,
evercall,818239814,6,1,Bc,kf,-,-,5400,45,0,
evercall,818239911,6,6,c,cf,-,-,5355,60,0,
evercall,818240014,6,5,f,-,-,-,5295,0,0,
evercall,818240079,6,4,f,-,-,-,5295,0,0,
evercall,818240133,6,3,r,kc,kc,kf,5295,375,0,
evercall,818240185,6,2,Bf,-,-,-,4920,10,0,
evercall,818240204,6,1,BQ,-,-,-,4910,5,0,
evercall,818240599,6,3,r,k,c,c,4905,115,0,4c,4s
evercall,818240647,6,2,Bf,-,-,-,4790,10,0,
evercall,818240699,7,1,Bf,-,-,-,4780,5,0,
evercall,818240752,7,7,f,-,-,-,4775,0,0,
evercall,818240875,7,5,f,-,-,-,4775,0,0,
evercall,818240970,8,4,f,-,-,-,4775,0,0,
evercall,818241031,8,3,f,-,-,-,4775,0,0,
evercall,818241055,8,2,Br,b,bc,k,4775,1235,2520,Qh,Qd
evercall,818241146,8,1,Bc,f,-,-,6060,10,0,
evercall,818241276,8,8,c,bc,f,-,6050,130,0,
evercall,818241365,8,7,c,bc,c,f,5920,460,0,
evercall,818241453,8,6,f,-,-,-,5460,0,0,
evercall,818241501,8,5,f,-,-,-,5460,0,0,
evercall,818241540,8,4,f,-,-,-,5460,0,0,
evercall,818241600,8,3,c,kc,k,k,5460,80,210,9d,Jc
evercall,818241652,8,2,Bk,k,kf,-,5590,10,0,
evercall,818241711,8,1,Bf,-,-,-,5580,5,0,
evercall,818241781,8,8,f,-,-,-,5575,0,0,
evercall,818241849,8,7,c,c,c,b,5575,1140,1530,
evercall,818241893,8,6,f,-,-,-,5965,0,0,
evercall,818241954,8,5,cc,k,kf,-,5965,55,0,
evercall,818242025,8,4,r,k,kc,kf,5910,85,0,
evercall,818242131,8,3,cc,b,kc,kf,5825,645,0,
evercall,818242223,8,2,Bc,k,b,b,5180,760,870,Jh,Tc
evercall,818242313,9,1,Bc,b,-,-,5290,225,360,
evercall,818242372,9,9,c,c,c,b,5425,450,930,9h,Jh
evercall,818242459,9,8,f,Q,-,-,5905,0,0,
evercall,818409773,7,5,cc,kc,k,k,5582,235,0,5c,7c
evercall,818409839,7,4,f,-,-,-,5347,0,0,
evercall,818409884,8,3,f,-,-,-,5347,0,0,
evercall,818409950,8,2,Bf,-,-,-,5347,10,0,
evercall,818410012,7,1,Bc,k,kf,-,5337,45,0,
evercall,818410081,7,7,f,-,-,-,5292,0,0,
evercall,818410095,7,6,f,-,-,-,5292,0,0,
evercall,818410206,7,5,f,-,-,-,5292,0,0,
evercall,818410261,7,4,f,-,-,-,5292,0,0,
evercall,818410335,7,3,rc,kf,-,-,5292,120,0,
evercall,818410372,7,2,Bc,kf,-,-,5172,45,0,
evercall,818410409,7,1,Bc,k,kf,-,5127,35,0,
evercall,818410471,7,7,f,-,-,-,5092,0,0,
evercall,818410564,7,6,c,bf,-,-,5092,40,0,
evercall,818410619,7,5,cc,kc,k,b,5052,625,870,
evercall,818410698,7,4,r,-,-,-,5297,45,70,
evercall,818410731,7,3,cc,k,kc,k,5322,240,0,5d,6c
evercall,818410790,7,2,Bc,kc,k,k,5082,110,225,6h,Jh
evercall,818410849,7,1,Bf,-,-,-,5197,5,0,
evercall,818410908,7,7,r,b,-,-,5192,285,390,
evercall,818410957,7,6,r,bc,k,c,5297,1075,0,Qs,Ts
evercall,818411012,7,5,f,-,-,-,4222,0,0,
evercall,818411045,7,4,c,Q,-,-,4222,10,0,
evercall,818414554,6,6,f,-,-,-,3947,0,0,
evercall,818414650,6,6,f,-,-,-,3947,0,0,
evercall,818414714,5,4,c,c,k,kf,3947,55,0,
evercall,818414799,5,3,f,-,-,-,3892,0,0,
evercall,818414841,5,2,Bk,b,b,kc,3892,350,0,7s,Qs
evercall,818414929,5,1,Br,b,-,-,3542,485,660,
evercall,818415015,5,5,c,k,f,-,3717,10,0,
evercall,818415064,5,4,f,-,-,-,3707,0,0,
evercall,818415127,5,3,c,bc,f,-,3707,130,0,
evercall,818415213,5,2,Bk,f,-,-,3577,10,0,
evercall,818415282,5,1,Bf,-,-,-,3567,5,0,
evercall,818415297,5,5,f,Q,-,-,3562,0,0,
evercall,818416498,4,4,f,-,-,-,3162,0,0,
evercall,818416513,4,3,r,b,k,k,3162,75,0,3c,3s
evercall,818416543,4,2,Bf,-,-,-,3087,10,0,
evercall,818416559,4,1,Bc,k,kc,kc,3077,170,0,Ad,4s
evercall,818416602,4,4,r,k,f,-,2907,45,0,
evercall,818416637,4,3,f,-,-,-,2862,0,0,
evercall,818416698,4,2,Bf,-,-,-,2862,10,0,
evercall,818416713,3,1,Bc,kc,kf,-,2852,30,0,
evercall,818416753,3,3,c,b,k,c,2822,65,0,3c,5c
evercall,818416795,3,2,Bk,k,k,b,2757,30,40,
evercall,818416826,3,1,Bf,-,-,-,2767,5,0,
evercall,818416834,3,3,c,k,k,k,2762,10,25,5h,Ah
evercall,818416865,3,2,Bc,b,b,k,2777,270,540,8c,9d
evercall,818416900,3,1,Br,k,k,b,3047,75,120,
evercall,818416934,3,3,f,-,-,-,3092,0,0,
evercall,818416940,3,2,B,-,-,-,3092,10,15,
evercall,818416953,3,1,Bf,-,-,-,3097,5,0,
evercall,818416990,3,3,f,-,-,-,3092,0,0,
evercall,818417004,2,1,BQ,-,-,-,3092,10,10,
evercall,818581314,11,7,f,-,-,-,3420,0,0,
evercall,818581353,11,6,f,-,-,-,3420,0,0,
evercall,818581400,11,5,f,-,-,-,3420,0,0,
evercall,818581431,11,4,c,kc,k,k,3420,80,0,Qd,Jc
evercall,818581513,11,3,f,-,-,-,3340,0,0,
evercall,818581582,11,2,Bf,-,-,-,3340,10,0,
evercall,818581610,11,1,Bf,-,-,-,3330,5,0,
evercall,818581728,11,11,c,f,-,-,3325,10,0,
evercall,818581785,11,10,c,k,c,r,3315,790,1080,
evercall,818581875,11,9,f,-,-,-,3605,0,0,
evercall,818581934,11,8,c,f,-,-,3605,10,0,
evercall,818581994,11,7,r,-,-,-,3595,55,90,
evercall,818582026,11,6,f,-,-,-,3630,0,0,
evercall,818582134,11,5,f,-,-,-,3630,0,0,
evercall,818582226,11,4,cc,k,f,-,3630,20,0,
evercall,818582363,11,3,c,kc,k,kf,3610,40,0,
evercall,818582507,10,1,Bc,kf,-,-,3570,30,0,
evercall,818582560,9,1,Bc,k,kf,-,3540,10,0,
evercall,818582624,9,9,f,-,-,-,3530,0,0,
evercall,818582684,9,8,f,-,-,-,3530,0,0,
evercall,818582799,9,7,f,-,-,-,3530,0,0,
