slandrum,818578370,8,8,f,-,-,-,8019,0,0,
slandrum,818578390,8,7,cf,-,-,-,8019,10,0,
slandrum,818578436,8,6,f,-,-,-,8009,0,0,
slandrum,818578492,8,5,f,-,-,-,8009,0,0,
slandrum,818578510,8,4,f,-,-,-,8009,0,0,
slandrum,818578543,8,3,f,-,-,-,8009,0,0,
slandrum,818578580,8,2,Bf,-,-,-,8009,10,0,
slandrum,818578638,8,1,Bc,k,k,kf,7999,10,0,
slandrum,818578687,8,8,f,-,-,-,7989,0,0,
slandrum,818578715,8,7,f,-,-,-,7989,0,0,
slandrum,818578753,8,6,cc,k,k,kf,7989,55,0,
slandrum,818578792,8,5,f,-,-,-,7934,0,0,
slandrum,818578874,8,4,f,-,-,-,7934,0,0,
slandrum,818578907,8,3,c,kf,-,-,7934,10,0,
slandrum,818578977,8,2,Bk,k,b,-,7924,40,60,
slandrum,818579016,8,1,Bc,b,b,-,7944,130,180,
slandrum,818579055,8,8,f,-,-,-,7994,0,0,
slandrum,818579075,8,7,c,k,f,-,7994,10,0,
slandrum,818579149,8,6,f,-,-,-,7984,0,0,
slandrum,818579179,8,5,f,-,-,-,7984,0,0,
slandrum,818579251,7,3,cc,bf,-,-,7984,285,0,
slandrum,818579291,7,2,Bc,kf,-,-,7699,45,0,
slandrum,818579321,7,1,Bc,k,kc,kc,7654,130,0,Jd,Ts
slandrum,818579359,7,7,r,bf,-,-,7524,110,0,
slandrum,818579387,8,7,f,-,-,-,7414,0,0,
slandrum,818579418,8,6,f,-,-,-,7414,0,0,
slandrum,818579485,9,6,f,-,-,-,7414,0,0,
slandrum,818579525,9,5,c,k,f,-,7414,10,0,
slandrum,818579591,9,4,f,-,-,-,7404,0,0,
slandrum,818579652,9,3,cc,kf,-,-,7404,55,0,
slandrum,818579682,9,2,Bk,k,kf,-,7349,10,0,
slandrum,818579735,9,1,Bc,kf,-,-,7339,10,0,
slandrum,818579780,9,9,c,k,b,-,7329,50,80,
slandrum,818579816,9,8,c,f,-,-,7359,10,0,
slandrum,818579848,9,7,f,-,-,-,7349,0,0,
slandrum,818579890,10,7,cf,-,-,-,7349,10,0,
slandrum,818579962,10,6,c,kf,-,-,7339,10,0,
slandrum,818579995,10,5,f,-,-,-,7329,0,0,
slandrum,818580071,10,4,c,bc,k,b,7329,605,1260,Kc,Td
slandrum,818580120,10,3,f,-,-,-,7984,0,0,
slandrum,818580185,10,2,Bc,k,b,-,7984,110,150,
slandrum,818580213,10,1,Bc,kf,-,-,8024,10,0,
slandrum,818580249,9,9,f,-,-,-,8014,0,0,
slandrum,818580284,9,8,f,-,-,-,8014,0,0,
slandrum,818580349,10,8,f,-,-,-,8014,0,0,
slandrum,818580411,11,8,r,f,-,-,8014,45,0,
slandrum,818580452,11,7,f,-,-,-,7969,0,0,
slandrum,818580550,11,6,f,-,-,-,7969,0,0,
slandrum,818580588,11,4,Q,-,-,-,7969,0,0,
slandrum,818580930,10,10,f,-,-,-,7969,0,0,
slandrum,818580964,10,9,r,b,-,-,7969,150,210,
slandrum,818580991,10,8,f,-,-,-,8029,0,0,
slandrum,818581096,10,7,f,-,-,-,8029,0,0,
slandrum,818581172,10,6,f,-,-,-,8029,0,0,
slandrum,818581269,9,4,f,-,-,-,8029,0,0,
slandrum,818581314,11,4,c,f,-,-,8029,10,0,
slandrum,818581353,11,3,f,-,-,-,8019,0,0,
slandrum,818581400,11,2,Bk,kf,-,-,8019,10,0,
slandrum,818581431,11,1,Bc,kf,-,-,8009,10,0,
slandrum,818581513,11,11,f,-,-,-,7999,0,0,
slandrum,818581582,11,10,f,-,-,-,7999,0,0,
slandrum,818581610,11,9,f,-,-,-,7999,0,0,
slandrum,818581728,11,8,f,-,-,-,7999,0,0,
slandrum,818581785,11,7,f,-,-,-,7999,0,0,
slandrum,818581875,11,6,f,-,-,-,7999,0,0,
slandrum,818581934,11,5,c,f,-,-,7999,10,0,
slandrum,818581994,11,4,cf,-,-,-,7989,10,0,
slandrum,818582026,11,3,f,-,-,-,7979,0,0,
slandrum,818582134,11,2,Bk,bc,kf,-,7979,80,0,
slandrum,818582226,11,1,Bc,k,kf,-,7899,20,0,
slandrum,818582363,11,11,f,-,-,-,7879,0,0,
slandrum,818582507,10,9,f,-,-,-,7879,0,0,
slandrum,818582560,9,8,c,k,b,-,7879,60,100,
slandrum,818582624,9,7,c,bf,-,-,7919,60,0,
slandrum,818582684,9,6,rc,r,b,-,7859,4160,6990,
slandrum,818582799,9,5,f,-,-,-,10689,0,0,
