Piranha,817884576,4,3,c,kf,-,-,3133,10,0,
Piranha,817884615,4,2,Bf,-,-,-,3123,10,0,
Piranha,817884621,4,1,Bc,b,b,-,3113,160,240,
Piranha,817884649,5,4,r,b,-,-,3193,140,210,
Piranha,817884670,5,3,f,-,-,-,3263,0,0,
Piranha,817884680,5,2,Bk,k,kf,-,3263,10,0,
Piranha,817884724,5,1,Bf,-,-,-,3253,5,0,
Piranha,817884792,5,5,f,-,-,-,3248,0,0,
Piranha,817884830,6,4,cc,f,-,-,3248,50,0,
Piranha,817884898,7,3,f,-,-,-,3198,0,0,
Piranha,817884940,7,2,Bk,kr,-,-,3198,210,300,
Piranha,817885022,7,1,Bc,k,kf,-,3288,10,0,
Piranha,817885047,7,7,c,k,c,f,3278,70,0,
Piranha,817885134,9,8,f,-,-,-,3208,0,0,
Piranha,817885189,9,7,c,f,-,-,3208,35,0,
Piranha,817885246,9,6,c,c,k,k,3173,105,225,8s,Qs
Piranha,817885288,9,5,c,b,kf,-,3293,80,0,
Piranha,817885343,9,4,cc,kr,bA,-,3213,3213,0,2h,Ah
