Amerikan,818579387,8,5,c,f,-,-,3077,10,0,
Amerikan,818579418,8,4,r,f,-,-,3067,45,0,
Amerikan,818579485,9,3,f,-,-,-,3022,0,0,
Amerikan,818579525,9,2,Bk,k,kf,-,3022,10,0,
Amerikan,818579591,9,1,Bc,kc,kr,-,3012,1075,1440,
Amerikan,818579652,9,9,c,f,-,-,3377,55,0,
Amerikan,818579682,9,8,c,k,b,-,3322,60,100,
Amerikan,818579735,9,7,c,b,k,k,3362,50,120,3s,9h
Amerikan,818579780,9,6,c,k,kf,-,3432,10,0,
Amerikan,818579816,9,5,c,f,-,-,3422,10,0,
Amerikan,818579848,9,4,r,b,-,-,3412,155,240,
Amerikan,818579890,10,4,cf,-,-,-,3497,10,0,
Amerikan,818579962,10,3,c,kf,-,-,3487,10,0,
Amerikan,818579995,10,2,Bk,k,kc,kf,3477,55,0,
Amerikan,818580071,10,1,Bc,kf,-,-,3422,10,0,
Amerikan,818580120,10,10,r,b,b,-,3412,632,882,
Amerikan,818580185,10,9,f,-,-,-,3662,0,0,
Amerikan,818580213,10,9,c,kf,-,-,3662,10,0,
Amerikan,818580249,9,7,f,-,-,-,3652,0,0,
Amerikan,818580284,9,6,cc,f,-,-,3652,30,0,
Amerikan,818580349,10,5,c,b,b,b,3622,660,900,
Amerikan,818580411,11,5,cc,b,-,-,3862,195,300,
Amerikan,818580452,11,4,cc,k,bc,kf,3967,945,0,
Amerikan,818580550,11,3,c,kf,-,-,3022,10,0,
Amerikan,818580588,11,2,Bcf,-,-,-,3012,55,0,
Amerikan,818580720,9,1,Bc,kf,-,-,2957,10,0,
Amerikan,818580832,9,9,c,f,-,-,2947,30,0,
Amerikan,818580892,9,8,c,k,f,-,2917,30,0,
Amerikan,818580930,10,7,cc,kf,-,-,2887,45,0,
Amerikan,818580964,10,6,cc,kf,-,-,2842,45,0,
Amerikan,818580991,10,5,c,k,c,r,2797,530,800,
Amerikan,818581096,10,4,c,c,k,c,3067,390,0,Kc,9c
Amerikan,818581172,10,4,c,kf,-,-,2677,10,0,
Amerikan,818581269,9,2,Bk,k,kf,-,2667,10,0,
Amerikan,818581314,11,1,Bc,kf,-,-,2657,10,0,
Amerikan,818581353,11,11,c,f,-,-,2647,35,0,
Amerikan,818581400,11,10,c,f,-,-,2612,10,0,
Amerikan,818581431,11,9,c,c,k,k,2602,80,0,Ts,8d
Amerikan,818581513,11,8,f,-,-,-,2522,0,0,
Amerikan,818581582,11,7,f,-,-,-,2522,0,0,
Amerikan,818581610,11,6,c,kf,-,-,2522,10,0,
Amerikan,818581728,11,5,c,f,-,-,2512,10,0,
Amerikan,818581785,11,4,c,k,kf,-,2502,10,0,
Amerikan,818581875,11,3,c,kf,-,-,2492,10,0,
Amerikan,818581934,11,2,Bk,b,k,k,2482,75,0,3c,8s
Amerikan,818581994,11,1,Bf,-,-,-,2407,5,0,
Amerikan,818582026,11,11,c,f,-,-,2402,10,0,
Amerikan,818582134,11,10,c,cc,kf,-,2392,80,0,
Amerikan,818582226,11,9,f,-,-,-,2312,0,0,
Amerikan,818582363,11,8,c,kf,-,-,2312,10,0,
Amerikan,818582507,10,6,c,f,-,-,2302,30,0,
Amerikan,818582560,9,5,c,k,kf,-,2272,10,0,
Amerikan,818582624,9,4,c,kf,-,-,2262,10,0,
Amerikan,818582684,9,3,cf,-,-,-,2252,10,0,
Amerikan,818582799,9,2,Bc,k,k,k,2242,30,0,2s,7d
Amerikan,819862679,3,3,c,b,-,-,4600,35,50,
Amerikan,819862711,3,2,Bc,c,c,r,4615,1890,3780,Js,4c
Amerikan,819862760,3,1,Bc,k,kc,k,6505,30,60,Th,5c
Amerikan,819862788,3,3,c,bc,c,f,6535,335,0,
Amerikan,819862814,3,2,Bc,f,-,-,6200,30,0,
Amerikan,819862825,3,1,Bcf,-,-,-,6170,35,0,
Amerikan,819862850,3,3,c,c,b,k,6135,130,270,Qh,Qc
Amerikan,819862875,3,2,B,-,-,-,6275,10,15,
Amerikan,819862881,3,1,Bc,b,k,b,6280,90,120,
Amerikan,819862907,3,3,c,b,b,-,6310,100,150,
Amerikan,819862926,4,2,B,-,-,-,6360,10,15,
Amerikan,819862932,4,1,Bc,kf,-,-,6365,30,0,
Amerikan,819862950,4,4,c,-,-,-,6335,10,25,
Amerikan,819862962,3,2,cc,kf,-,-,6350,40,0,
Amerikan,819862979,3,2,Bk,k,b,-,6310,35,50,
Amerikan,819863000,3,1,Bf,-,-,-,6325,5,0,
Amerikan,819863021,4,4,r,b,b,k,6320,245,495,Kh,Qc
Amerikan,819863081,5,3,c,b,b,-,6570,170,240,
Amerikan,819863134,5,2,Bk,k,f,-,6640,10,0,
Amerikan,819863153,5,1,Bf,-,-,-,6630,5,0,
Amerikan,819863186,6,6,f,-,-,-,6625,0,0,
Amerikan,819863194,6,5,c,kf,-,-,6625,10,0,
Amerikan,819863243,6,4,c,f,-,-,6615,10,0,
Amerikan,819863275,6,3,f,-,-,-,6605,0,0,
Amerikan,819863338,6,2,Bk,kf,-,-,6605,10,0,
Amerikan,819863365,6,1,Bf,-,-,-,6595,5,0,
Amerikan,819863405,6,6,c,k,k,k,6590,10,0,8c,7d
Amerikan,819863425,6,5,f,-,-,-,6580,0,0,
Amerikan,819863443,6,4,c,b,-,-,6580,35,50,
Amerikan,819863483,6,3,f,-,-,-,6595,0,0,
Amerikan,819863543,6,2,Bc,f,-,-,6595,50,0,
Amerikan,819863614,6,1,Bc,k,kf,-,6545,30,0,
Amerikan,819863653,6,6,f,-,-,-,6515,0,0,
Amerikan,819863713,6,5,c,c,c,k,6515,150,315,Ac,9d
Amerikan,819863764,6,4,c,k,k,k,6680,10,25,2h,Ad
Amerikan,819863815,6,3,c,f,-,-,6695,10,0,
Amerikan,819863845,6,2,Bc,kf,-,-,6685,30,0,
Amerikan,819863864,6,1,Bc,k,kf,-,6655,25,0,
Amerikan,819863905,6,6,c,k,k,k,6630,10,0,9c,5s
Amerikan,819863931,6,5,c,kf,-,-,6620,10,0,
Amerikan,819863955,6,4,cc,f,-,-,6610,55,0,
Amerikan,819863997,6,3,c,k,k,k,6555,10,0,Kh,7s
Amerikan,819864045,5,2,Bk,k,k,k,6545,10,0,Ad,8c
Amerikan,819864084,5,1,Bf,-,-,-,6535,5,0,
Amerikan,819864117,5,5,c,b,-,-,6530,45,70,
Amerikan,819864141,5,4,c,f,-,-,6555,10,0,
Amerikan,819864163,4,2,Bk,f,-,-,6545,10,0,
Amerikan,819864190,2,1,BQ,-,-,-,6535,5,0,
Amerikan,820306854,5,3,f,-,-,-,6011,0,0,
Amerikan,820306902,5,2,Bk,kf,-,-,6011,10,0,
Amerikan,820306923,7,1,Bf,-,-,-,6001,5,0,
Amerikan,820306940,7,7,c,c,f,-,5996,45,0,
Amerikan,820306972,7,6,c,f,-,-,5951,10,0,
Amerikan,820306993,7,5,f,-,-,-,5941,0,0,
Amerikan,820307028,7,4,f,-,-,-,5941,0,0,
Amerikan,820307084,8,3,c,k,k,k,5941,10,35,Jh,Ac
Amerikan,820307113,8,2,Bf,-,-,-,5966,10,0,
Amerikan,820307213,8,1,Bc,kf,-,-,5956,10,0,
Amerikan,820307267,8,8,f,-,-,-,5946,0,0,
Amerikan,820307311,8,7,f,-,-,-,5946,0,0,
Amerikan,820307340,8,6,f,-,-,-,5946,0,0,
Amerikan,820307361,8,5,cf,-,-,-,5946,10,0,
Amerikan,820307380,8,4,f,-,-,-,5936,0,0,
Amerikan,820307398,8,3,cc,br,-,-,5936,1095,1575,
Amerikan,820307450,8,2,Bf,-,-,-,6416,10,0,
Amerikan,820307532,8,1,Bc,kf,-,-,6406,10,0,
Amerikan,820307571,8,8,f,-,-,-,6396,0,0,
Amerikan,820307602,8,7,f,-,-,-,6396,0,0,
Amerikan,820307643,8,6,cc,bc,c,-,6396,3503,0,6c,8c
Amerikan,820307721,8,5,c,kf,-,-,2893,10,0,
Amerikan,820307765,8,4,f,-,-,-,2883,0,0,
Amerikan,820307819,8,3,c,k,k,k,2883,10,0,Ah,4h
Amerikan,820307872,8,2,Bk,kc,kc,k,2873,780,0,Ks,7s
Amerikan,820307928,8,1,Bf,-,-,-,2093,5,0,
Amerikan,820307966,8,8,c,f,-,-,2088,10,0,
Amerikan,820308005,8,7,f,-,-,-,2078,0,0,
Amerikan,820308082,8,6,f,-,-,-,2078,0,0,
Amerikan,820308135,8,5,c,f,-,-,2078,10,0,
Amerikan,820308187,8,4,f,-,-,-,2068,0,0,
Amerikan,820308244,8,3,f,-,-,-,2068,0,0,
Amerikan,820308290,8,2,Bk,kf,-,-,2068,10,0,
Amerikan,820308342,8,1,Bc,kf,-,-,2058,10,0,
Amerikan,820308367,8,8,c,f,-,-,2048,45,0,
Amerikan,820308391,8,7,f,-,-,-,2003,0,0,
Amerikan,820308426,8,6,cc,c,rA,-,2003,2003,4121,Js,As
Amerikan,820308483,8,5,c,r,b,b,4121,940,1260,
Amerikan,820308550,8,4,c,kc,kf,-,4441,70,0,
Amerikan,820308613,9,3,f,-,-,-,4371,0,0,
Amerikan,820308650,9,2,Bc,k,k,k,4371,35,0,Jc,Td
Amerikan,820308692,9,1,Bf,-,-,-,4336,5,0,
Amerikan,820308741,9,9,c,f,-,-,4331,10,0,
Amerikan,820308782,9,8,c,k,k,k,4321,10,0,9d,Jc
Amerikan,820308837,8,6,cc,f,-,-,4311,50,0,
Amerikan,820308884,8,5,f,-,-,-,4261,0,0,
Amerikan,820308936,8,4,f,-,-,-,4261,0,0,
Amerikan,820308983,8,3,f,-,-,-,4261,0,0,
Amerikan,820309033,8,2,Bf,-,-,-,4261,10,0,
Amerikan,820309068,8,1,Bc,kf,-,-,4251,10,0,
Amerikan,820309111,8,8,c,b,k,c,4241,210,0,Kc,9c
Amerikan,820309163,8,7,cc,f,-,-,4031,65,0,
Amerikan,820309231,8,6,c,k,f,-,3966,35,0,
Amerikan,820309268,8,5,f,-,-,-,3931,0,0,
Amerikan,820309338,8,4,f,-,-,-,3931,0,0,
Amerikan,820309375,8,3,c,kf,-,-,3931,10,0,
Amerikan,820309452,8,2,Bk,k,kf,-,3921,10,0,
Amerikan,820309498,8,1,Bc,k,b,b,3911,345,560,
Amerikan,820309557,8,8,c,f,-,-,4126,10,0,
Amerikan,820309579,8,7,c,f,-,-,4116,10,0,
Amerikan,820309641,8,6,f,-,-,-,4106,0,0,
Amerikan,820309704,8,5,f,-,-,-,4106,0,0,
Amerikan,820309763,8,4,cc,kf,-,-,4106,65,0,
Amerikan,820309816,8,3,f,-,-,-,4041,0,0,
Amerikan,820309849,8,2,Bc,k,b,-,4041,280,450,
Amerikan,820309891,8,1,Bc,kf,-,-,4211,10,0,
Amerikan,820309920,8,8,c,r,b,b,4201,3930,7299,Ac,Qh
Amerikan,820309985,7,6,c,f,-,-,7570,10,0,
Amerikan,820310055,8,6,c,f,-,-,7560,10,0,
Amerikan,820310090,8,5,c,k,kf,-,7550,10,0,
Amerikan,820310157,8,4,cc,f,-,-,7540,55,0,
Amerikan,820310218,8,3,f,-,-,-,7485,0,0,
Amerikan,820310249,8,2,Bk,kf,-,-,7485,10,0,
Amerikan,820310295,9,1,Bc,k,b,-,7475,55,95,
Amerikan,820310337,9,9,f,-,-,-,7515,0,0,
Amerikan,820310405,9,8,c,k,c,f,7515,70,0,
Amerikan,820310551,9,7,f,-,-,-,7445,0,0,
Amerikan,820310613,9,6,f,-,-,-,7445,0,0,
Amerikan,820310634,8,4,f,-,-,-,7445,0,0,
Amerikan,820310732,8,4,f,-,-,-,7445,0,0,
Amerikan,820310780,7,2,Bc,k,k,kf,7445,45,0,
Amerikan,820310824,7,1,Bc,kf,-,-,7400,10,0,
Amerikan,820310876,7,7,f,-,-,-,7390,0,0,
Amerikan,820310895,7,6,f,-,-,-,7390,0,0,
Amerikan,820310911,7,5,f,-,-,-,7390,0,0,
Amerikan,820310949,7,4,f,-,-,-,7390,0,0,
Amerikan,820311014,7,3,f,-,-,-,7390,0,0,
Amerikan,820311029,7,2,Bf,-,-,-,7390,10,0,
Amerikan,820311055,7,1,Br,k,b,kc,7380,485,0,Kd,Ks
Amerikan,820311115,7,7,c,f,-,-,6895,55,0,
Amerikan,820311162,7,6,f,-,-,-,6840,0,0,
Amerikan,820311194,7,5,c,rrc,cA,-,6840,6840,0,7d,7c
