sippy,818139592,5,4,r,b,-,-,6022,120,170,
sippy,818139628,6,3,cc,kf,-,-,6072,40,0,
sippy,818139700,7,2,Bf,-,-,-,6032,10,0,
sippy,818139806,6,1,Bc,b,-,-,6022,40,60,
sippy,818139837,6,6,c,k,f,-,6042,10,0,
sippy,818139908,6,5,f,-,-,-,6032,0,0,
sippy,818139958,7,4,f,-,-,-,6032,0,0,
sippy,818140019,8,3,f,-,-,-,6032,0,0,
sippy,818140073,8,2,Bk,k,k,k,6032,10,50,5d,Js
sippy,818140163,8,1,Bf,-,-,-,6072,5,0,
sippy,818140206,8,8,f,-,-,-,6067,0,0,
sippy,818140271,8,7,c,k,f,-,6067,10,0,
sippy,818140329,7,5,f,-,-,-,6057,0,0,
sippy,818140423,7,4,c,b,-,-,6057,50,80,
sippy,818140474,7,3,c,kf,-,-,6087,10,0,
sippy,818140532,7,2,Bk,kf,-,-,6077,10,0,
sippy,818140600,7,1,Bf,-,-,-,6067,5,0,
sippy,818140638,7,7,f,-,-,-,6062,0,0,
sippy,818140702,8,7,f,-,-,-,6062,0,0,
sippy,818140766,8,6,rc,kc,k,k,6062,360,0,Ks,As
sippy,818140912,8,5,f,-,-,-,5702,0,0,
sippy,818141043,7,4,r,b,k,k,5702,180,0,Qh,Qs
sippy,818141137,7,3,f,-,-,-,5522,0,0,
sippy,818141181,7,2,Bf,-,-,-,5522,10,0,
sippy,818141228,8,1,Bc,b,b,kc,5512,485,0,Kh,Td
sippy,818141296,8,8,f,-,-,-,5027,0,0,
sippy,818141335,8,7,c,b,-,-,5027,65,110,
sippy,818141377,7,5,f,-,-,-,5072,0,0,
sippy,818141411,7,4,f,-,-,-,5072,0,0,
sippy,818141436,7,3,f,-,-,-,5072,0,0,
sippy,818141480,7,2,Bk,kc,kc,b,5072,230,480,4c,Kc
sippy,818141540,7,1,Bc,kf,-,-,5322,10,0,
sippy,818141584,7,7,cc,b,-,-,5312,260,400,
sippy,818141633,8,7,f,-,-,-,5452,0,0,
sippy,818141713,8,6,f,-,-,-,5452,0,0,
sippy,818141778,7,4,c,r,k,k,5452,170,380,Ac,Qc
sippy,818141844,7,3,c,kf,-,-,5662,10,0,
sippy,818141918,7,2,Bk,kf,-,-,5652,10,0,
sippy,818141953,7,1,Bc,kr,-,-,5642,575,960,
sippy,818142012,7,7,c,f,-,-,6027,10,0,
sippy,818142071,7,6,c,f,-,-,6017,35,0,
sippy,818142120,7,5,f,-,-,-,5982,0,0,
sippy,818142202,7,4,r,b,-,-,5982,150,210,
sippy,818142239,7,3,f,-,-,-,6042,0,0,
sippy,818142329,7,2,Bk,kf,-,-,6042,10,0,
sippy,818142378,7,1,Bc,k,kf,-,6032,10,0,
sippy,818142433,7,7,f,-,-,-,6022,0,0,
sippy,818142464,7,6,f,-,-,-,6022,0,0,
sippy,818142514,7,5,c,k,kc,b,6022,270,0,9s,Js
sippy,818142607,8,5,f,-,-,-,5752,0,0,
sippy,818142679,8,4,c,kf,-,-,5752,10,0,
sippy,818142774,8,3,f,-,-,-,5742,0,0,
sippy,818142888,8,2,Bk,kf,-,-,5742,10,0,
sippy,818142944,8,1,Bf,-,-,-,5732,5,0,
sippy,818143017,8,8,f,-,-,-,5727,0,0,
sippy,818143079,8,7,f,-,-,-,5727,0,0,
sippy,818143179,9,7,c,c,b,-,5727,190,270,
sippy,818143242,9,6,f,-,-,-,5807,0,0,
sippy,818143379,9,5,f,-,-,-,5807,0,0,
sippy,818143441,9,4,f,-,-,-,5807,0,0,
sippy,818143509,9,3,f,-,-,-,5807,0,0,
sippy,818143534,9,2,Bc,kf,-,-,5807,35,0,
sippy,818143608,9,1,Bc,k,k,k,5772,10,20,3h,Qc
sippy,818143659,10,10,f,-,-,-,5782,0,0,
sippy,818143728,10,9,f,-,-,-,5782,0,0,
sippy,818143797,10,8,c,f,-,-,5782,10,0,
sippy,818143918,10,7,f,-,-,-,5772,0,0,
sippy,818143987,10,6,cc,kf,-,-,5772,65,0,
sippy,818144126,10,5,f,-,-,-,5707,0,0,
sippy,818144208,10,4,f,-,-,-,5707,0,0,
sippy,818144283,10,3,c,kf,-,-,5707,10,0,
sippy,818144357,10,2,Bf,-,-,-,5697,10,0,
sippy,818144427,9,1,Bc,k,b,-,5687,140,210,
sippy,818144484,8,8,c,f,-,-,5757,10,0,
sippy,818144530,9,8,f,-,-,-,5747,0,0,
sippy,818144608,9,7,f,-,-,-,5747,0,0,
sippy,818144653,9,6,cc,k,k,f,5747,55,0,
sippy,818144746,8,4,f,-,-,-,5692,0,0,
sippy,818144761,8,3,f,-,-,-,5692,0,0,
sippy,818144794,8,2,Bc,kr,b,-,5692,735,1075,
sippy,818144856,8,1,Bc,kf,-,-,6032,10,0,
sippy,818144922,9,9,r,b,k,k,6022,265,0,As,Qh
sippy,818144993,9,8,f,-,-,-,5757,0,0,
sippy,818145103,9,6,f,-,-,-,5757,0,0,
sippy,818145168,10,6,f,-,-,-,5757,0,0,
sippy,818145260,11,6,f,-,-,-,5757,0,0,
sippy,818145318,9,4,f,-,-,-,5757,0,0,
sippy,818145345,10,3,f,-,-,-,5757,0,0,
sippy,818145411,10,2,Bf,-,-,-,5757,10,0,
sippy,818145483,9,1,Bc,k,kf,-,5747,10,0,
sippy,818145529,9,9,c,c,f,-,5737,70,0,
sippy,818145619,9,8,f,-,-,-,5667,0,0,
sippy,818145737,9,7,c,kf,-,-,5667,10,0,
sippy,818145862,9,6,f,-,-,-,5657,0,0,
sippy,818145934,9,5,c,k,kc,k,5657,30,0,9h,6h
sippy,818146013,9,4,cc,bf,-,-,5627,190,0,
sippy,818146074,9,3,cc,kf,-,-,5437,45,0,
sippy,818146157,7,1,Bf,-,-,-,5392,10,0,
sippy,818146197,7,1,Bf,-,-,-,5382,5,0,
sippy,818146229,7,7,cc,f,-,-,5377,60,0,
sippy,818146312,7,6,f,-,-,-,5317,0,0,
sippy,818146397,7,5,f,-,-,-,5317,0,0,
sippy,818146448,7,4,fQ,-,-,-,5317,0,0,
