num,818409884,8,4,f,-,-,-,3050,0,0,
num,818409950,8,3,f,-,-,-,3050,0,0,
num,818410012,7,2,Bc,k,kf,-,3050,45,0,
num,818410081,7,1,Bf,-,-,-,3005,5,0,
num,818410095,7,7,r,k,b,cc,3000,1855,0,Kc,Ad
num,818410206,7,6,r,b,-,-,1145,120,200,
num,818410261,7,5,f,-,-,-,1225,0,0,
num,818410335,7,4,f,-,-,-,1225,0,0,
num,818410372,7,3,cc,kf,-,-,1225,45,0,
num,818410409,7,2,Bc,k,b,b,1180,595,840,
num,818410471,7,1,Bf,-,-,-,1425,5,0,
num,818410564,7,7,f,-,-,-,1420,0,0,
num,818410619,7,6,f,-,-,-,1420,0,0,
num,818410698,7,5,f,-,-,-,1420,0,0,
num,818410731,7,4,f,-,-,-,1420,0,0,
num,818410790,7,3,f,-,-,-,1420,0,0,
num,818410849,7,2,Bk,kf,-,-,1420,10,0,
num,818410908,7,1,Bf,-,-,-,1410,5,0,
num,818410957,7,7,f,-,-,-,1405,0,0,
num,818411012,7,6,f,-,-,-,1405,0,0,
num,818411045,7,5,c,k,k,f,1405,10,0,
num,818411132,6,3,f,-,-,-,1395,0,0,
num,818411198,6,2,B,-,-,-,1395,10,15,
num,818411214,6,1,Br,b,-,-,1400,130,180,
num,818411253,6,6,f,-,-,-,1450,0,0,
num,818411352,6,5,rc,kf,-,-,1450,120,0,
num,818411401,6,4,f,-,-,-,1330,0,0,
num,818411502,6,3,ccf,-,-,-,1330,60,0,
num,818411627,6,2,Bf,-,-,-,1270,10,0,
num,818411637,6,1,Bf,-,-,-,1260,5,0,
num,818411690,6,6,c,f,-,-,1255,10,0,
num,818411737,6,5,f,-,-,-,1245,0,0,
num,818411798,6,4,f,-,-,-,1245,0,0,
num,818411884,6,3,f,-,-,-,1245,0,0,
num,818411992,6,2,Bk,kf,-,-,1245,10,0,
num,818412078,7,1,Bf,-,-,-,1235,5,0,
num,818412118,7,7,f,-,-,-,1230,0,0,
num,818412163,7,6,f,-,-,-,1230,0,0,
num,818412210,7,5,f,-,-,-,1230,0,0,
num,818412247,7,4,f,-,-,-,1230,0,0,
num,818412312,6,2,Bk,kf,-,-,1230,10,0,
num,818412446,6,1,Bcf,-,-,-,1220,10,0,
num,818412495,5,5,f,-,-,-,1210,0,0,
num,818412515,5,4,r,b,k,b,1210,785,1200,
num,818412613,5,3,f,-,-,-,1625,0,0,
num,818412635,5,2,Bk,k,b,-,1625,40,60,
num,818412708,5,1,Bc,kf,-,-,1645,10,0,
num,818412737,5,5,f,-,-,-,1635,0,0,
num,818412779,5,4,f,-,-,-,1635,0,0,
num,818412813,5,3,f,-,-,-,1635,0,0,
num,818412860,5,2,Bk,b,b,b,1635,605,840,
num,818412912,5,1,Bc,k,kf,-,1870,10,0,
num,818412966,5,5,f,-,-,-,1860,0,0,
num,818413034,5,4,f,-,-,-,1860,0,0,
num,818413090,6,4,c,f,-,-,1860,10,0,
num,818413148,6,3,f,-,-,-,1850,0,0,
num,818413206,6,2,Bk,kc,k,k,1850,35,75,6c,6s
num,818413243,6,1,Bf,-,-,-,1890,5,0,
num,818413317,6,6,c,b,b,-,1885,515,720,
num,818413421,6,5,f,-,-,-,2090,0,0,
num,818413466,6,4,f,-,-,-,2090,0,0,
num,818413540,6,3,f,-,-,-,2090,0,0,
num,818413634,6,2,Bk,kc,k,kf,2090,60,0,
num,818413740,6,1,Bf,-,-,-,2030,5,0,
num,818413840,6,6,c,f,-,-,2025,10,0,
num,818413924,6,5,f,-,-,-,2015,0,0,
num,818413951,6,4,cc,kc,k,b,2015,465,630,
num,818414005,6,3,c,b,-,-,2180,50,80,
num,818414073,5,2,Bk,k,f,-,2210,10,0,
num,818414137,5,1,Bc,k,b,-,2200,40,60,
num,818414194,5,5,c,k,k,k,2220,10,0,3d,7s
num,818414248,5,4,f,-,-,-,2210,0,0,
num,818414314,5,3,f,-,-,-,2210,0,0,
num,818414398,5,2,Bc,kf,-,-,2210,45,0,
num,818414554,6,1,Bc,kf,-,-,2165,10,0,
num,818414650,6,3,Q,-,-,-,2155,0,0,
num,818830353,11,2,Bc,kr,b,bA,3529,3529,7203,Ah,Qd
num,818830469,11,1,Bc,kf,-,-,7203,10,0,
num,818830582,12,12,f,Q,-,-,7193,0,0,
num,818830897,12,7,f,-,-,-,7193,0,0,
num,818830966,12,6,cc,b,k,b,7193,1175,1680,
num,818831031,12,5,f,-,-,-,7698,0,0,
num,818831146,12,4,c,kc,k,k,7698,90,0,8c,Ac
num,818831232,12,3,c,kf,-,-,7608,10,0,
num,818831318,12,2,Bf,-,-,-,7598,10,0,
num,818831358,12,1,Bc,kf,-,-,7588,10,0,
num,818831424,12,12,f,-,-,-,7578,0,0,
num,818831527,12,11,f,-,-,-,7578,0,0,
num,818831620,12,10,KQ,-,-,-,7578,0,0,
num,818831832,10,4,f,-,-,-,7578,0,0,
num,818831882,10,3,f,-,-,-,7578,0,0,
num,818831914,10,2,BKQ,-,-,-,7578,10,0,
num,819006962,10,8,c,k,f,-,7808,10,0,
num,819007016,10,7,f,-,-,-,7798,0,0,
num,819007060,10,6,c,b,k,k,7798,75,195,Kh,5h
num,819007134,10,5,f,-,-,-,7918,0,0,
num,819007194,10,4,f,-,-,-,7918,0,0,
num,819007264,10,3,f,-,-,-,7918,0,0,
num,819007323,10,2,Bc,b,-,-,7918,175,280,
num,819007368,10,1,Bc,kf,-,-,8023,45,0,
num,819007415,10,10,f,-,-,-,7978,0,0,
num,819007504,10,9,f,-,-,-,7978,0,0,
num,819007541,10,8,c,f,-,-,7978,10,0,
num,819007635,10,7,f,-,-,-,7968,0,0,
num,819007683,9,6,f,-,-,-,7968,0,0,
num,819007731,9,5,f,-,-,-,7968,0,0,
num,819007784,9,4,c,kf,-,-,7968,10,0,
num,819007871,10,3,f,-,-,-,7958,0,0,
num,819007923,10,2,Bk,k,k,kf,7958,10,0,
num,819007988,10,1,Bf,-,-,-,7948,5,0,
num,819008032,10,10,f,-,-,-,7943,0,0,
num,819008129,11,10,c,f,-,-,7943,10,0,
num,819008224,10,8,f,-,-,-,7933,0,0,
num,819008301,10,6,f,-,-,-,7933,0,0,
num,819008359,10,5,f,-,-,-,7933,0,0,
num,819008439,10,4,f,-,-,-,7933,0,0,
num,819008493,11,3,c,kc,b,b,7933,1585,2250,
num,819008608,11,2,Bk,k,kc,k,8598,60,0,5h,7h
num,819008728,11,1,Bf,-,-,-,8538,5,0,
num,819008786,11,11,f,-,-,-,8533,0,0,
num,819008856,11,10,f,-,-,-,8533,0,0,
num,819008915,11,9,f,-,-,-,8533,0,0,
num,819009009,12,9,f,-,-,-,8533,0,0,
num,819009110,10,6,c,kf,-,-,8533,10,0,
num,819009219,10,6,f,-,-,-,8523,0,0,
num,819009333,11,5,f,-,-,-,8523,0,0,
num,819009409,10,4,f,-,-,-,8523,0,0,
num,819009491,10,4,f,-,-,-,8523,0,0,
num,819009566,9,2,Bc,f,-,-,8523,60,0,
num,819009654,10,1,Bc,kf,-,-,8463,10,0,
num,819009727,10,10,f,-,-,-,8453,0,0,
num,819009782,9,9,f,-,-,-,8453,0,0,
num,819009831,9,8,f,-,-,-,8453,0,0,
num,819009896,9,7,c,k,k,k,8453,10,35,Jh,7c
num,819009950,9,6,c,k,c,f,8478,30,0,
num,819010060,6,5,f,-,-,-,8448,0,0,
num,819010138,7,4,f,-,-,-,8448,0,0,
num,819010216,7,3,f,-,-,-,8448,0,0,
num,819010289,7,2,Bf,-,-,-,8448,10,0,
num,819010342,7,1,Bc,k,bc,kf,8438,130,0,
num,819010414,7,7,f,-,-,-,8308,0,0,
num,819010520,8,6,c,f,-,-,8308,10,0,
num,819010618,8,5,f,-,-,-,8298,0,0,
num,819010733,8,4,cf,-,-,-,8298,10,0,
num,819010835,8,3,cc,kf,-,-,8288,65,0,
num,819010923,8,2,Bf,-,-,-,8223,10,0,
num,819011013,8,1,Bf,-,-,-,8213,5,0,
num,819011064,8,8,c,f,-,-,8208,10,0,
num,819011154,8,7,f,-,-,-,8198,0,0,
num,819011257,8,6,cf,-,-,-,8198,10,0,
num,819011359,8,5,c,b,bc,f,8188,530,0,
num,819011476,7,3,f,-,-,-,7658,0,0,
num,819011568,7,2,B,-,-,-,7658,10,15,
num,819011594,7,1,Bc,k,kf,-,7663,10,0,
num,819011676,8,8,f,-,-,-,7653,0,0,
num,819011712,7,6,c,kf,-,-,7653,10,0,
num,819011750,7,5,f,-,-,-,7643,0,0,
num,819011819,7,4,f,-,-,-,7643,0,0,
num,819011934,7,2,Bk,f,-,-,7643,10,0,
num,819012022,7,1,Bc,k,k,b,7633,40,60,
num,819012089,8,8,c,k,f,-,7653,10,0,
num,819012131,8,7,cc,kf,-,-,7643,30,0,
num,819012179,8,6,f,-,-,-,7613,0,0,
num,819012264,8,5,c,f,-,-,7613,25,0,
num,819012324,8,4,f,-,-,-,7588,0,0,
num,819012417,7,3,f,-,-,-,7588,0,0,
num,819012443,8,2,Bk,k,bf,-,7588,55,0,
num,819012494,8,1,Bc,kf,-,-,7533,45,0,
num,819012540,8,8,c,f,-,-,7488,10,0,
num,819012627,8,7,c,f,-,-,7478,10,0,
num,819012723,8,6,cc,b,-,-,7468,165,270,
num,819012777,8,5,c,f,-,-,7573,10,0,
num,819012849,9,4,c,r,-,-,7563,235,340,
num,819012907,9,3,f,-,-,-,7668,0,0,
num,819013029,8,2,Bk,kf,-,-,7668,10,0,
num,819013102,8,1,Bc,kf,-,-,7658,10,0,
num,819013174,8,8,c,r,-,-,7648,170,240,
num,819013224,8,7,c,b,bc,b,7718,1210,2430,Js,9s
num,819013294,10,7,cc,k,f,-,8938,45,0,
num,819013368,10,6,f,-,-,-,8893,0,0,
num,819013440,9,4,f,-,-,-,8893,0,0,
num,819013470,9,3,c,cc,kf,-,8893,330,0,
num,819013578,9,2,Bk,kf,-,-,8563,10,0,
num,819013620,9,1,Bc,kf,-,-,8553,10,0,
num,819013657,9,9,f,-,-,-,8543,0,0,
num,819013762,9,8,f,-,-,-,8543,0,0,
num,819013823,9,7,cc,kf,-,-,8543,30,0,
num,819013885,9,6,c,kf,-,-,8513,10,0,
num,819013949,8,4,c,k,f,-,8503,10,0,
num,819014033,8,3,f,-,-,-,8493,0,0,
num,819014091,9,3,c,k,b,b,8493,190,270,
num,819014152,9,2,Bk,k,f,-,8573,10,0,
num,819014229,10,1,Bc,k,b,-,8563,50,80,
num,819014279,9,9,c,r,-,-,8593,210,300,
num,819014348,8,7,f,-,-,-,8683,0,0,
num,819014424,8,6,f,-,-,-,8683,0,0,
num,819014466,8,5,c,b,-,-,8683,60,100,
num,819014510,8,4,c,kf,-,Q,8723,10,0,
num,819014805,9,9,c,f,-,-,8713,10,0,
num,819014921,9,8,c,r,k,k,8703,330,0,Kh,2h
num,819014998,9,7,c,k,f,-,8373,34,0,
num,819015055,9,6,f,-,-,-,8339,0,0,
num,819015108,10,6,c,f,-,-,8339,10,0,
num,819015215,11,6,c,kf,-,-,8329,25,0,
num,819015288,10,5,f,-,-,-,8304,0,0,
num,819015361,10,3,f,-,-,-,8304,0,0,
num,819015424,9,2,Bk,kf,-,-,8304,10,0,
num,819015483,10,1,Bc,k,b,-,8294,50,80,
num,819015521,10,10,c,f,-,-,8324,10,0,
num,819015578,10,9,c,f,-,-,8314,10,0,
num,819015687,9,7,c,bf,-,-,8304,185,0,
num,819015764,9,6,c,k,kf,-,8119,10,0,
num,819015812,9,5,f,-,-,-,8109,0,0,
num,819015850,9,4,cc,k,kf,-,8109,65,0,
num,819015906,9,3,f,-,-,-,8044,0,0,
num,819015974,9,2,Bk,kf,-,-,8044,10,0,
num,819016047,9,1,Bf,-,-,-,8034,5,0,
num,819016089,9,9,c,b,-,-,8029,50,80,
num,819016128,9,8,c,b,-,-,8059,240,390,
num,819016192,9,7,f,-,-,-,8209,0,0,
num,819016264,9,6,c,f,-,-,8209,10,0,
num,819016348,8,5,f,-,-,-,8199,0,0,
num,819016453,8,3,f,-,-,-,8199,0,0,
num,819016571,8,2,Bc,k,k,kf,8199,75,0,
num,819016673,8,1,Bc,kc,kf,-,8124,60,0,
num,819016741,8,8,f,-,-,-,8064,0,0,
num,819016801,8,7,f,-,-,-,8064,0,0,
num,819016869,8,6,f,-,-,-,8064,0,0,
num,819016942,8,5,cc,kf,-,-,8064,40,0,
num,819017019,8,4,f,-,-,-,8024,0,0,
num,819017093,8,3,cc,kQ,-,-,8024,65,0,
num,819273774,5,3,r,f,-,-,6819,35,0,
num,819273819,5,2,Bk,kf,-,-,6784,10,0,
num,819273850,5,1,Bc,kf,-,-,6774,10,0,
num,819273891,5,5,f,-,-,-,6764,0,0,
num,819273912,5,4,r,-,-,-,6764,35,50,
num,819273923,5,3,r,b,-,-,6779,140,210,
num,819273942,5,2,Bk,k,k,k,6849,10,10,7d,Qh
num,819273985,5,1,Bf,-,-,-,6849,5,0,
num,819274013,5,5,c,rc,c,f,6844,1410,0,
num,819274069,5,4,cc,rrA,-,-,5434,5434,5604,Jd,Tc
num,819274151,5,3,c,k,k,b,5604,40,60,
num,819274210,5,2,B,-,-,-,5624,10,15,
num,819274221,5,1,Br,b,-,-,5629,160,240,
num,819274253,5,5,r,-,-,-,5709,35,50,
num,819274273,5,4,c,b,-,-,5724,45,70,
num,819274301,5,3,f,-,-,-,5749,0,0,
num,819274349,5,2,Bk,kf,-,-,5749,10,0,
num,819274377,5,1,Bc,k,b,-,5739,40,60,
num,819274485,5,5,c,k,f,-,5759,10,0,
num,819274543,5,4,c,k,f,-,5749,10,0,
num,819274599,5,3,f,-,-,-,5739,0,0,
num,819274661,5,2,Br,-,-,-,5739,35,50,
num,819274709,4,1,Bc,k,kf,-,5754,10,0,
num,819274751,4,4,f,-,-,-,5744,0,0,
num,819274786,4,3,r,-,-,-,5744,35,50,
num,819274809,4,2,Bk,kf,-,-,5759,10,0,
num,819274837,4,1,Bf,-,-,-,5749,5,0,
num,819274849,4,4,r,b,k,c,5744,625,0,Kd,Kc
num,819274893,4,3,r,b,bc,b,5119,3035,6075,Td,Ac
num,819274937,4,2,B,-,-,-,8159,10,15,
num,819274956,4,1,Bc,k,k,k,8164,10,20,Qs,8s
num,819274980,4,4,c,f,-,-,8174,10,0,
num,819274995,4,3,f,-,-,-,8164,0,0,
num,819275014,4,2,Bc,k,b,-,8164,140,210,
num,819275048,4,1,Bf,-,-,-,8234,5,0,
num,819275069,4,4,c,f,-,-,8229,10,0,
num,819275097,4,3,f,-,-,-,8219,0,0,
num,819275118,4,2,BQ,-,-,-,8219,10,0,
num,819355419,5,3,f,-,-,-,8209,0,0,
num,819355458,5,2,Bk,k,f,-,8209,10,0,
num,819355510,5,1,Bc,kf,-,-,8199,35,0,
num,819355549,5,5,f,-,-,-,8164,0,0,
num,819355562,5,4,c,k,f,-,8164,25,0,
num,819355613,5,3,r,b,-,-,8139,110,150,
num,819355633,5,2,Bf,-,-,-,8179,10,0,
num,819355688,5,1,Br,-,-,-,8169,30,40,
num,819355704,5,5,r,-,-,-,8179,35,50,
num,819355715,5,4,f,-,-,-,8194,0,0,
num,819355739,5,3,f,-,-,-,8194,0,0,
num,819355767,5,2,Bk,k,kf,-,8194,10,0,
num,819355794,5,1,Bc,b,-,-,8184,40,60,
num,819355823,5,5,f,-,-,-,8204,0,0,
num,819355857,5,4,cc,kf,-,-,8204,45,0,
num,819355883,5,3,rc,c,b,-,8159,805,1080,
num,819355925,5,2,Bf,-,-,-,8434,10,0,
num,819355972,5,1,Bf,-,-,-,8424,5,0,
num,819356008,5,5,r,k,k,f,8419,35,0,
num,819356049,5,4,f,-,-,-,8384,0,0,
num,819356086,5,3,r,b,-,-,8384,120,170,
num,819356109,5,2,Bc,kf,-,-,8434,35,0,
num,819356127,5,1,Bc,k,k,b,8399,40,90,Th,Ah
num,819356156,5,5,f,-,-,-,8449,0,0,
num,819356175,5,4,f,-,-,-,8449,0,0,
num,819356212,5,3,f,-,-,-,8449,0,0,
num,819356283,5,2,Bk,k,kf,-,8449,10,0,
num,819356305,5,1,Bc,b,-,-,8439,40,60,
num,819356323,5,5,c,b,k,f,8459,105,0,
num,819356363,5,4,f,-,-,-,8354,0,0,
num,819356386,5,4,cc,kf,-,-,8354,45,0,
num,819356412,5,3,cc,kf,-,-,8309,45,0,
num,819356431,5,2,Bk,k,kf,-,8264,10,0,
num,819356452,5,1,Bc,b,-,-,8254,40,60,
num,819356470,5,5,f,-,-,-,8274,0,0,
num,819356486,5,4,f,-,-,-,8274,0,0,
num,819356502,5,3,Q,-,-,-,8274,0,0,
num,819875213,8,6,cc,f,-,-,8659,55,0,
num,819875252,8,5,c,f,-,-,8604,10,0,
num,819875287,7,3,f,-,-,-,8594,0,0,
num,819875306,7,2,Bk,k,k,f,8594,10,0,
num,819875377,7,1,Bf,-,-,-,8584,5,0,
num,819875437,7,7,f,-,Q,-,8579,0,0,
num,819935832,4,2,Bk,kf,-,-,10454,10,0,
num,819935856,4,1,Bc,k,k,k,10444,10,0,Ts,9h
num,819935880,4,4,f,-,-,-,10434,0,0,
num,819935890,4,3,r,-,-,-,10434,35,50,
num,819935900,4,2,Bk,kf,-,-,10449,10,0,
num,819935935,4,1,Bf,-,-,-,10439,5,0,
num,819935944,4,4,f,-,-,-,10434,0,0,
num,819935958,4,3,f,-,-,-,10434,0,0,
num,819936014,4,2,Bk,b,k,b,10434,90,120,
num,819936097,4,1,Bf,-,-,-,10464,5,0,
num,819936135,4,4,c,k,k,k,10459,10,0,Tc,6d
num,819936200,4,3,r,-,-,-,10449,35,50,
num,819936216,4,2,B,-,-,-,10464,10,15,
num,819936224,4,1,Bc,b,b,-,10469,455,630,
num,819936268,4,4,f,-,-,-,10644,0,0,
num,819936298,4,3,f,-,-,-,10644,0,0,
num,819936331,4,2,Bk,b,-,-,10644,35,50,
num,819936349,4,1,Bc,kf,-,-,10659,10,0,
num,819936383,4,4,r,k,b,-,10649,150,210,
num,819936411,4,3,f,-,-,-,10709,0,0,
num,819936432,4,2,Bk,k,b,b,10709,150,315,7c,Kc
num,819936464,4,1,Bc,kf,-,-,10874,10,0,
num,819936496,4,4,f,-,-,-,10864,0,0,
num,819936531,4,3,r,b,-,-,10864,110,150,
num,819936554,4,2,Br,b,-,-,10904,455,630,
num,819936579,4,1,Bf,-,-,-,11079,5,0,
num,819936594,4,4,r,-,-,-,11074,35,50,
num,819936602,4,3,f,-,-,-,11089,0,0,
num,819936609,4,2,Bf,-,-,-,11089,10,0,
num,819936620,4,1,Bf,-,-,-,11079,5,0,
num,819936653,4,4,f,-,-,-,11074,0,0,
num,819936677,4,3,f,-,-,-,11074,0,0,
num,819936704,4,2,Bf,-,-,-,11074,10,0,
num,819936718,4,1,Bf,-,-,-,11064,5,0,
num,819936746,4,4,r,b,-,-,11059,115,160,
num,819936768,4,3,f,-,-,-,11104,0,0,
num,819936787,4,2,Bf,-,-,-,11104,10,0,
num,819936794,4,1,Bf,-,-,-,11094,5,0,
num,819936806,4,4,c,f,-,-,11089,10,0,
num,819936821,4,3,f,-,-,-,11079,0,0,
num,819936840,4,2,Bc,kf,-,-,11079,20,0,
num,819936858,4,1,Bf,-,-,-,11059,5,0,
num,819936869,4,4,r,k,k,k,11054,45,105,6d,6c
num,819936899,4,3,f,-,-,-,11114,0,0,
num,819936930,4,2,Bk,kf,-,-,11114,10,0,
num,819936955,4,1,Bf,-,-,-,11104,5,0,
num,819936962,4,4,r,f,-,-,11099,45,0,
num,819936981,4,3,f,-,-,-,11054,0,0,
num,819936995,4,2,Bf,-,-,-,11054,10,0,
num,819937014,4,1,Br,b,-,-,11044,90,120,
num,819937033,4,4,r,bc,c,rcA,11074,11074,0,Ac,3c
