ACC,819057825,6,6,f,-,-,-,5557,0,0,
ACC,819057887,6,5,f,-,-,-,5557,0,0,
ACC,819057939,5,3,f,-,-,-,5557,0,0,
ACC,819058015,5,2,B,-,-,-,5557,10,15,
ACC,819058022,5,1,Bc,kf,-,-,5562,10,0,
ACC,819058063,6,6,r,r,bc,bA,5552,5552,10232,
ACC,819058144,6,5,f,-,-,-,10232,0,0,
ACC,819058195,6,4,f,-,-,-,10232,0,0,
ACC,819058228,6,3,r,b,b,k,10232,310,0,9h,9s
ACC,819058262,6,2,Bf,-,-,-,9922,10,0,
ACC,819058276,6,1,Br,k,kc,kc,9912,310,0,Ts,Ad
ACC,819058310,5,5,f,-,-,-,9602,0,0,
ACC,819058344,5,5,c,k,k,f,9602,10,0,
ACC,819058490,4,3,f,-,-,-,9592,0,0,
ACC,819058518,4,3,f,-,-,-,9592,0,0,
ACC,819058577,4,2,B,-,-,-,9592,10,15,
ACC,819058596,5,1,Br,b,b,-,9597,325,450,
ACC,819058658,6,6,f,-,-,-,9722,0,0,
ACC,819058712,6,5,f,-,-,-,9722,0,0,
ACC,819058755,6,4,f,-,-,-,9722,0,0,
ACC,819058818,6,3,f,-,-,-,9722,0,0,
ACC,819058849,6,2,Bk,kf,-,-,9722,10,0,
ACC,819058876,6,1,Bf,-,-,-,9712,5,0,
ACC,819058958,6,6,f,-,-,-,9707,0,0,
ACC,819058984,6,5,f,-,-,-,9707,0,0,
ACC,819059010,6,4,f,-,-,-,9707,0,0,
ACC,819059064,6,3,r,-,-,-,9707,25,40,
ACC,819059078,6,2,B,-,-,-,9722,10,15,
ACC,819059102,6,1,Bf,-,-,-,9727,5,0,
ACC,819059148,6,6,f,-,-,-,9722,0,0,
ACC,819059176,6,5,f,-,-,-,9722,0,0,
ACC,819059200,6,4,f,-,-,-,9722,0,0,
ACC,819059259,6,3,f,-,-,-,9722,0,0,
ACC,819059297,6,2,Bf,-,-,-,9722,10,0,
ACC,819059306,6,1,Bf,-,-,-,9712,5,0,
ACC,819059326,6,6,r,b,b,b,9707,870,1170,
ACC,819059358,6,5,r,b,-,-,10007,110,150,
ACC,819059390,5,3,f,Q,-,-,10047,0,0,
