munch,820310055,8,5,f,-,-,-,10456,0,0,
munch,820310090,8,4,c,k,kf,-,10456,10,0,
munch,820310157,8,3,f,-,-,-,10446,0,0,
munch,820310218,8,2,Bf,-,-,-,10446,10,0,
munch,820310249,8,1,Bf,-,-,-,10436,5,0,
munch,820310295,9,9,c,k,f,-,10431,10,0,
munch,820310337,9,8,c,c,c,c,10421,860,1800,Td,Qd
munch,820310405,9,7,c,k,f,-,11361,10,0,
munch,820310551,9,6,f,-,-,-,11351,0,0,
munch,820310613,9,5,r,-,-,-,11351,35,50,
munch,820310634,8,3,f,-,-,-,11366,0,0,
munch,820310732,8,2,Bk,kf,-,-,11366,10,0,
munch,820310780,7,1,Bf,-,-,-,11356,5,0,
munch,820310824,7,7,f,-,-,-,11351,0,0,
munch,820310876,7,6,f,-,-,-,11351,0,0,
munch,820310895,7,5,c,f,-,-,11351,10,0,
munch,820310911,7,4,f,-,-,-,11341,0,0,
munch,820310949,7,3,f,-,-,-,11341,0,0,
munch,820311014,7,2,Bf,-,-,-,11341,10,0,
munch,820311029,7,1,Bc,kf,-,-,11331,35,0,
munch,820311055,7,7,f,-,-,-,11296,0,0,
munch,820311115,7,6,r,f,-,-,11296,55,0,
munch,820311162,7,5,f,-,-,-,11241,0,0,
munch,820311194,7,4,f,-,-,-,11241,0,0,
munch,820311270,6,3,f,-,-,-,11241,0,0,
munch,820311427,6,2,Bf,-,-,-,11241,10,0,
munch,820311463,6,1,Bc,kf,-,-,11231,10,0,
munch,820311508,6,6,c,f,-,-,11221,10,0,
munch,820311538,6,5,c,b,-,-,11211,30,55,
munch,820311571,6,4,f,-,-,-,11236,0,0,
munch,820311620,6,3,r,b,k,b,11236,180,405,Kc,Qs
munch,820311663,6,2,Bf,-,-,-,11461,10,0,
munch,820311702,6,1,Bf,-,-,-,11451,5,0,
munch,820311712,6,6,c,c,b,-,11446,210,320,
munch,820311760,6,5,f,-,-,-,11556,0,0,
munch,820311781,6,4,c,c,k,f,11556,60,0,
munch,820311827,6,3,f,-,-,-,11496,0,0,
munch,820311878,6,2,Bk,kf,-,-,11496,10,0,
munch,820311931,6,1,Bf,-,-,-,11486,5,0,
munch,820311984,6,6,f,-,-,-,11481,0,0,
munch,820312030,6,5,f,-,-,-,11481,0,0,
munch,820312053,6,4,f,-,-,-,11481,0,0,
munch,820312087,6,3,f,-,-,-,11481,0,0,
munch,820312105,6,2,Bk,k,f,-,11481,10,0,
munch,820312157,5,1,Bc,k,kf,-,11471,10,0,
munch,820312191,6,5,c,bc,f,-,11461,210,0,
munch,820312241,6,4,cf,-,-,-,11251,10,0,
munch,820312276,6,3,f,-,-,-,11241,0,0,
munch,820312311,6,2,Bk,kc,k,k,11241,50,0,6c,4c
munch,820312372,6,1,Bc,kf,-,-,11191,10,0,
munch,820312425,6,6,f,-,-,-,11181,0,0,
munch,820312446,6,5,f,-,-,-,11181,0,0,
munch,820312469,6,4,f,-,-,-,11181,0,0,
munch,820312509,6,3,f,-,-,-,11181,0,0,
munch,820312568,6,2,Bk,kf,-,-,11181,10,0,
munch,820312627,6,1,Bf,-,-,-,11171,5,0,
munch,820312672,6,6,f,-,-,-,11166,0,0,
munch,820312720,6,5,f,-,-,-,11166,0,0,
munch,820312747,6,4,f,-,-,-,11166,0,0,
munch,820312811,6,3,f,-,-,-,11166,0,0,
munch,820312850,7,2,Bf,-,-,-,11166,10,0,
munch,820312898,7,1,Bf,-,-,-,11156,5,0,
munch,820312983,7,7,f,-,-,-,11151,0,0,
munch,820313032,6,6,f,-,-,-,11151,0,0,
munch,820313072,6,5,f,-,-,-,11151,0,0,
munch,820313121,5,4,f,-,-,-,11151,0,0,
munch,820313145,5,3,f,-,-,-,11151,0,0,
munch,820313169,5,2,BKQ,-,-,-,11151,10,0,
