schmengie,819513636,5,3,f,-,-,-,3258,0,0,
schmengie,819513648,5,2,Bc,bc,kc,k,3258,1400,0,Kd,Qd
schmengie,819513685,4,1,Bc,b,-,-,1858,50,80,
schmengie,819513735,4,4,c,f,-,-,1888,10,0,
schmengie,819513757,4,3,f,-,-,-,1878,0,0,
schmengie,819513763,4,2,Bk,k,k,k,1878,10,0,9s,Jh
schmengie,819513793,4,1,Bc,kf,-,-,1868,10,0,
schmengie,819513814,4,4,f,-,-,-,1858,0,0,
schmengie,819513837,4,3,c,b,b,b,1858,335,450,
schmengie,819513884,4,2,Bk,k,kf,-,1973,10,0,
schmengie,819513928,4,1,Bf,-,-,-,1963,5,0,
schmengie,819513950,5,5,f,-,-,-,1958,0,0,
schmengie,819513986,5,4,f,-,-,-,1958,0,0,
schmengie,819514004,5,3,c,f,-,-,1958,10,0,
schmengie,819514028,5,2,Bf,-,-,-,1948,10,0,
schmengie,819514048,5,1,Bf,-,-,-,1938,5,0,
schmengie,819514062,5,5,c,b,b,b,1933,1140,2295,3h,3d
schmengie,819514136,6,5,c,k,f,-,3088,35,0,
schmengie,819514189,6,4,cc,k,k,f,3053,60,0,
schmengie,819514272,6,3,c,k,k,k,2993,10,0,Ks,2s
schmengie,819514313,5,2,Bf,-,-,-,2983,10,0,
schmengie,819514358,5,1,Bc,k,k,kc,2973,40,45,Th,Kh
schmengie,819514400,5,5,f,-,-,-,2978,0,0,
schmengie,819514441,5,4,f,-,-,-,2978,0,0,
schmengie,819514498,5,3,c,b,b,b,2978,690,960,
schmengie,819514593,5,2,Bf,-,-,-,3248,10,0,
schmengie,819514689,5,1,Bf,-,-,-,3238,5,0,
schmengie,819514714,5,5,f,-,-,-,3233,0,0,
schmengie,819514773,5,4,c,c,f,-,3233,40,0,
schmengie,819514813,5,3,c,b,-,-,3193,45,70,
schmengie,819514853,5,2,Br,b,-,-,3218,400,540,
schmengie,819514902,4,1,Bf,-,-,-,3358,5,0,
schmengie,819514921,4,4,c,k,f,-,3353,35,0,
schmengie,819514942,4,3,cc,fQ,-,-,3318,45,0,
