gordo,818199091,6,5,c,k,b,-,3629,40,60,
gordo,818199152,6,4,cf,-,-,-,3649,10,0,
gordo,818199177,6,3,f,-,-,-,3639,0,0,
gordo,818199189,6,2,Bk,kf,-,-,3639,10,0,
gordo,818199234,6,1,Bf,-,-,-,3629,5,0,
gordo,818199274,5,5,f,-,-,-,3624,0,0,
gordo,818199308,5,4,c,r,-,-,3624,85,125,
gordo,818199378,5,3,f,-,-,-,3664,0,0,
gordo,818199558,4,2,Bf,-,-,-,3664,10,0,
gordo,818199559,4,1,Bc,bc,k,k,3654,355,720,Kd,7d
gordo,818199596,4,4,c,rc,f,-,4019,400,0,
gordo,818199661,4,3,f,-,-,-,3619,0,0,
gordo,818199685,4,2,Bc,k,k,kf,3619,35,0,
gordo,818199730,4,1,Bf,-,-,-,3584,5,0,
gordo,818199731,4,4,f,-,-,-,3579,0,0,
gordo,818199756,4,3,f,-,-,-,3579,0,0,
gordo,818199763,4,2,Bc,f,-,-,3579,30,0,
gordo,818199794,4,1,Bc,b,b,b,3549,280,570,3h,5h
gordo,818199849,4,4,r,b,-,-,3839,150,210,
gordo,818199892,4,3,f,-,-,-,3899,0,0,
gordo,818199912,4,2,Bc,b,kf,-,3899,110,0,
gordo,818199964,5,1,Bc,kc,k,k,3789,50,0,Qd,9c
gordo,818200008,5,5,c,f,-,-,3739,10,0,
gordo,818200044,6,5,c,k,k,k,3729,10,15,Qs,7s
gordo,818200076,6,4,f,-,-,-,3734,0,0,
gordo,818200091,6,3,f,-,-,-,3734,0,0,
gordo,818200132,6,2,Bk,kf,-,-,3734,10,0,
gordo,818200213,6,1,Bf,-,-,-,3724,5,0,
gordo,818200264,5,5,c,k,r,br,3719,3640,0,7c,Kc
gordo,818200369,5,4,f,-,-,-,79,0,0,
gordo,818200430,5,3,f,-,-,-,79,0,0,
gordo,818200494,5,2,Bk,b,-,-,79,40,60,
gordo,818200613,4,1,Bf,-,-,-,99,5,0,
gordo,818200629,4,4,f,-,-,-,94,0,0,
gordo,818200652,5,3,f,-,-,-,94,0,0,
gordo,818200687,5,2,Bk,k,c,cA,94,94,0,6d,4c
