bmk2,820312850,7,4,r,b,kc,k,3326,635,0,Qh,Ac
bmk2,820312898,7,3,c,kc,bc,kf,2691,775,0,
bmk2,820312983,7,1,Bk,kf,-,-,1916,10,0,
bmk2,820313032,6,1,Bf,-,-,-,1906,5,0,
bmk2,820313072,6,6,f,-,-,-,1901,0,0,
bmk2,820313121,5,5,f,-,-,-,1901,0,0,
bmk2,820313145,5,4,f,-,-,-,1901,0,0,
bmk2,820313169,5,3,f,-,-,-,1901,0,0,
bmk2,820313228,4,1,Bf,-,-,-,1901,10,0,
bmk2,820313240,4,1,Bf,-,-,-,1891,5,0,
bmk2,820313277,4,4,c,k,k,k,1886,10,40,Js,Qc
bmk2,820313307,4,3,f,-,-,-,1916,0,0,
bmk2,820313327,4,2,Bk,f,-,-,1916,10,0,
bmk2,820313345,4,1,Bc,kf,-,-,1906,10,0,
bmk2,820313363,4,4,rc,k,b,-,1896,355,480,
bmk2,820313396,4,3,f,-,-,-,2021,0,0,
bmk2,820313426,4,2,B,-,-,-,2021,10,15,
bmk2,820313445,3,1,Bf,-,-,-,2026,5,0,
bmk2,820313469,3,3,f,-,-,-,2021,0,0,
bmk2,820313477,3,2,B,-,-,-,2021,10,15,
bmk2,820313483,3,1,Bf,-,-,-,2026,5,0,
bmk2,820313489,3,3,r,r,k,f,2021,355,0,
bmk2,820313522,3,2,Bc,f,-,-,1666,30,0,
bmk2,820313539,3,1,Bc,bc,kc,k,1636,270,0,8s,7s
bmk2,820313571,3,3,f,-,-,-,1366,0,0,
bmk2,820313604,3,2,Bk,b,-,-,1366,35,50,
bmk2,820313628,3,1,Bf,-,-,-,1381,5,0,
bmk2,820313632,3,3,f,-,-,-,1376,0,0,
bmk2,820313635,3,2,Bk,bc,k,k,1376,130,270,Ts,Jc
bmk2,820313663,3,1,Bf,-,-,-,1516,5,0,
bmk2,820313672,3,3,f,-,-,-,1511,0,0,
bmk2,820313689,3,2,Bk,k,k,k,1511,10,0,Td,3c
bmk2,820313714,3,1,Bf,-,-,-,1501,5,0,
bmk2,820313719,3,3,f,-,-,-,1496,0,0,
bmk2,820313723,3,2,Bc,k,kf,-,1496,35,0,
bmk2,820313752,3,1,Bf,-,-,-,1461,5,0,
bmk2,820313766,3,3,f,-,-,-,1456,0,0,
bmk2,820313797,3,2,B,-,-,-,1456,10,15,
bmk2,820313802,3,1,Bf,-,-,-,1461,5,0,
bmk2,820313807,3,3,f,-,-,-,1456,0,0,
bmk2,820313812,3,2,Bk,k,k,k,1456,10,0,8s,5h
bmk2,820313832,3,1,Bf,-,-,-,1446,5,0,
bmk2,820313845,3,3,f,-,-,-,1441,0,0,
bmk2,820313870,3,2,Bc,k,r,b,1441,1210,2430,As,Ah
bmk2,820313912,3,1,Br,-,-,-,2661,30,40,
bmk2,820313927,3,3,rc,k,cf,-,2671,560,0,
bmk2,820313990,3,2,Bk,k,kf,-,2111,10,0,
bmk2,820314036,3,1,Br,-,-,-,2101,30,40,
bmk2,820314043,3,3,f,-,-,-,2111,0,0,
bmk2,820314063,3,2,B,-,-,-,2111,10,15,
bmk2,820314069,3,1,Bf,-,-,-,2116,5,0,
bmk2,820314073,3,3,f,-,-,-,2111,0,0,
bmk2,820314077,3,2,Bk,k,k,kf,2111,10,0,
bmk2,820314102,3,1,Bc,kc,kf,-,2101,30,0,
bmk2,820314127,3,3,f,-,-,-,2071,0,0,
bmk2,820314132,3,2,Bk,k,k,k,2071,10,0,Js,Tc
bmk2,820314153,3,1,Bf,-,-,-,2061,5,0,
bmk2,820314160,3,3,f,-,-,-,2056,0,0,
bmk2,820314176,3,2,Bk,kf,-,-,2056,10,0,
bmk2,820314187,3,1,Bcc,kf,-,-,2046,30,0,
bmk2,820314203,3,3,r,r,b,-,2016,1400,1890,
bmk2,820314231,3,2,Bk,k,k,k,2506,10,25,Ad,8d
bmk2,820314254,3,1,Bf,-,-,-,2521,5,0,
bmk2,820314261,3,3,f,-,-,-,2516,0,0,
bmk2,820314267,3,2,B,-,-,-,2516,10,15,
bmk2,820314272,3,1,Bf,-,-,-,2521,5,0,
bmk2,820314278,3,3,f,-,-,-,2516,0,0,
bmk2,820314299,3,2,B,-,-,-,2516,10,15,
bmk2,820314306,3,1,Bf,-,-,-,2521,5,0,
bmk2,820314310,3,3,r,b,k,f,2516,115,0,
bmk2,820314338,3,2,Bk,kf,-,-,2401,10,0,
bmk2,820314348,3,1,Bf,-,-,-,2391,5,0,
bmk2,820314352,3,3,c,f,-,-,2386,10,0,
bmk2,820314375,3,2,B,-,-,-,2376,10,15,
bmk2,820314387,3,1,Bf,-,-,-,2381,5,0,
bmk2,820314395,3,3,c,f,-,-,2376,10,0,
bmk2,820314409,3,2,Bk,k,k,k,2366,10,0,6s,4h
bmk2,820314429,3,1,Bf,-,-,-,2356,5,0,
bmk2,820314433,3,3,f,-,-,-,2351,0,0,
bmk2,820314452,3,2,Bk,b,k,k,2351,35,75,6d,4s
bmk2,820314472,3,1,Bf,-,-,-,2391,5,0,
bmk2,820314478,3,3,f,-,-,-,2386,0,0,
bmk2,820314500,3,2,Bf,-,-,-,2386,10,0,
bmk2,820314528,3,1,Bc,b,k,k,2376,30,0,Ac,9s
bmk2,820314553,3,3,c,k,k,rf,2346,110,0,
bmk2,820314589,3,2,B,-,-,-,2236,10,15,
bmk2,820314600,3,1,Bc,k,b,b,2241,90,180,Ad,Ah
bmk2,820314635,3,3,c,f,-,-,2331,10,0,
bmk2,820314654,3,2,Bk,k,kf,-,2321,10,0,
bmk2,820314672,3,1,Bf,-,-,-,2311,5,0,
bmk2,820314676,3,3,f,-,-,-,2306,0,0,
bmk2,820314697,3,2,Bk,f,-,-,2306,10,0,
bmk2,820314710,3,1,Bf,-,-,-,2296,5,0,
bmk2,820314724,3,3,c,k,c,k,2291,40,0,6d,Ad
bmk2,820314760,3,2,Bk,k,f,-,2251,10,0,
bmk2,820314796,4,1,Br,b,kc,kf,2241,270,0,
bmk2,820314838,4,4,c,b,b,-,1971,110,150,
bmk2,820314867,4,3,f,-,-,-,2011,0,0,
bmk2,820314884,4,2,Bc,c,b,-,2011,270,360,
bmk2,820314908,4,1,Bf,-,-,-,2101,5,0,
bmk2,820314915,4,4,f,-,-,-,2096,0,0,
bmk2,820314951,5,4,f,-,-,-,2096,0,0,
bmk2,820314986,5,3,f,-,-,-,2096,0,0,
bmk2,820315019,5,2,Bf,-,-,-,2096,10,0,
bmk2,820315040,5,1,Bf,-,-,-,2086,5,0,
bmk2,820315073,5,5,f,-,-,-,2081,0,0,
bmk2,820315104,5,4,f,-,-,-,2081,0,0,
bmk2,820315130,5,3,f,-,-,-,2081,0,0,
bmk2,820315160,5,2,Bk,kf,-,-,2081,10,0,
bmk2,820315177,5,1,Bf,-,-,-,2071,5,0,
bmk2,820315208,5,5,f,-,-,-,2066,0,0,
bmk2,820315236,5,4,f,-,-,-,2066,0,0,
bmk2,820315277,5,3,f,-,-,-,2066,0,0,
bmk2,820315295,5,2,Bk,k,f,-,2066,10,0,
bmk2,820315329,5,1,Bf,-,-,-,2056,5,0,
bmk2,820315352,5,5,f,-,-,-,2051,0,0,
bmk2,820315390,5,4,cc,f,-,-,2051,35,0,
bmk2,820315419,5,3,f,-,-,-,2016,0,0,
bmk2,820315441,5,2,Bk,k,b,-,2016,35,50,
bmk2,820315459,5,1,Bf,-,-,-,2031,5,0,
bmk2,820315478,5,5,f,-,-,-,2026,0,0,
bmk2,820315502,5,4,f,-,-,-,2026,0,0,
bmk2,820315511,5,3,r,-,-,-,2026,35,50,
bmk2,820315524,5,2,Bf,-,-,-,2041,10,0,
bmk2,820315534,5,1,Bf,-,-,-,2031,5,0,
bmk2,820315544,5,5,f,-,-,-,2026,0,0,
bmk2,820315564,5,4,f,-,-,-,2026,0,0,
bmk2,820315573,5,3,cc,kr,b,-,2026,1865,2520,
bmk2,820315606,5,2,Bf,-,-,-,2681,10,0,
bmk2,820315617,5,1,Bf,-,-,-,2671,5,0,
bmk2,820315635,5,5,f,-,-,-,2666,0,0,
bmk2,820315653,5,4,f,-,-,-,2666,0,0,
bmk2,820315674,5,3,f,-,-,-,2666,0,0,
bmk2,820315710,5,2,Bf,-,-,-,2666,10,0,
bmk2,820315722,5,1,Bf,-,-,-,2656,5,0,
bmk2,820315759,5,5,f,-,-,-,2651,0,0,
bmk2,820315771,5,4,f,-,-,-,2651,0,0,
bmk2,820315801,5,3,f,-,-,-,2651,0,0,
bmk2,820315839,5,2,Bk,kf,-,-,2651,10,0,
bmk2,820315861,5,1,Bf,-,-,-,2641,5,0,
bmk2,820315875,5,5,f,-,-,-,2636,0,0,
bmk2,820315894,5,4,c,f,-,-,2636,10,0,
bmk2,820315931,5,3,f,-,-,-,2626,0,0,
bmk2,820315968,5,2,Bf,-,-,-,2626,10,0,
bmk2,820316005,5,1,Bf,-,-,-,2616,5,0,
bmk2,820316017,5,5,f,-,-,-,2611,0,0,
bmk2,820316069,5,4,f,-,-,-,2611,0,0,
bmk2,820316094,5,3,f,-,-,-,2611,0,0,
bmk2,820316126,5,2,Bf,-,-,-,2611,10,0,
bmk2,820316162,5,1,Bf,-,-,-,2601,5,0,
bmk2,820316191,5,5,c,b,-,-,2596,40,60,
bmk2,820316214,5,4,f,-,-,-,2616,0,0,
bmk2,820316227,5,3,f,-,-,-,2616,0,0,
bmk2,820316247,5,2,Bk,kf,-,-,2616,10,0,
bmk2,820316280,5,1,Bf,-,-,-,2606,5,0,
bmk2,820316297,5,5,f,-,-,-,2601,0,0,
bmk2,820316305,5,4,f,-,-,-,2601,0,0,
bmk2,820316312,5,3,c,b,k,b,2601,170,360,Ts,Ks
bmk2,820316350,5,2,Bf,-,-,-,2791,10,0,
bmk2,820316368,5,1,Bf,-,-,-,2781,5,0,
bmk2,820316400,5,5,c,k,k,k,2776,10,0,3h,3d
bmk2,820316426,5,4,f,-,-,-,2766,0,0,
bmk2,820316453,5,3,r,r,-,-,2766,355,480,
bmk2,820316481,5,2,Bf,-,-,-,2891,10,0,
bmk2,820316495,5,1,Bc,kc,kc,k,2881,355,0,Td,Jd
bmk2,820316538,5,5,f,-,-,-,2526,0,0,
bmk2,820316583,5,4,f,-,-,-,2526,0,0,
bmk2,820316614,5,3,f,-,-,-,2526,0,0,
bmk2,820316629,5,2,Bk,kf,-,-,2526,10,0,
bmk2,820316651,5,1,Br,k,kc,kf,2516,90,0,
bmk2,820316683,5,5,c,k,c,r,2426,335,675,Tc,Jh
bmk2,820316712,5,4,f,-,-,-,2766,0,0,
bmk2,820316759,5,3,c,b,-,-,2766,40,60,
bmk2,820316787,5,2,Bk,kf,-,-,2786,10,0,
bmk2,820316812,5,1,Bf,-,-,-,2776,5,0,
bmk2,820316822,5,5,f,-,-,-,2771,0,0,
bmk2,820316857,5,4,f,-,-,-,2771,0,0,
bmk2,820316892,5,3,f,-,-,-,2771,0,0,
bmk2,820316920,5,2,Bf,-,-,-,2771,10,0,
bmk2,820316932,5,1,Bf,-,-,-,2761,5,0,
bmk2,820316941,5,5,c,f,-,-,2756,35,0,
bmk2,820316958,5,4,f,-,-,-,2721,0,0,
bmk2,820316964,5,3,f,-,-,-,2721,0,0,
bmk2,820316981,5,2,Bk,kf,-,-,2721,10,0,
bmk2,820317010,5,1,Bc,k,k,k,2711,10,20,9h,Ac
bmk2,820317104,5,5,c,f,-,-,2721,35,0,
bmk2,820317128,5,4,cf,-,-,-,2686,10,0,
bmk2,820317155,5,3,f,-,-,-,2676,0,0,
bmk2,820317173,5,2,Bk,k,k,k,2676,10,40,Tc,2s
bmk2,820317217,5,1,Bc,b,k,b,2706,130,270,Ac,4d
bmk2,820317255,5,5,r,-,-,-,2846,35,50,
bmk2,820317273,5,4,f,-,-,-,2861,0,0,
bmk2,820317299,5,3,f,-,-,-,2861,0,0,
bmk2,820317331,5,2,Bf,-,-,-,2861,10,0,
bmk2,820317343,5,1,Bf,-,-,-,2851,5,0,
bmk2,820317424,5,5,f,-,-,-,2846,0,0,
bmk2,820317455,5,4,f,-,-,-,2846,0,0,
bmk2,820317471,5,3,f,-,-,-,2846,0,0,
bmk2,820317489,5,2,Bf,-,-,-,2846,10,0,
bmk2,820317508,5,1,Bf,-,-,-,2836,5,0,
bmk2,820317528,5,5,f,-,-,-,2831,0,0,
bmk2,820317548,5,4,f,-,-,-,2831,0,0,
bmk2,820317575,5,3,f,-,-,-,2831,0,0,
bmk2,820317603,5,2,Bc,kc,kc,kf,2831,335,0,
bmk2,820317647,5,1,Bf,-,-,-,2496,5,0,
bmk2,820317676,5,5,f,-,-,-,2491,0,0,
bmk2,820317727,5,4,f,-,-,-,2491,0,0,
bmk2,820317748,5,3,f,-,-,-,2491,0,0,
bmk2,820317781,5,2,Bk,f,-,-,2491,10,0,
bmk2,820317805,5,1,Bf,-,-,-,2481,5,0,
bmk2,820317840,5,5,f,-,-,-,2476,0,0,
bmk2,820317875,5,4,f,-,-,-,2476,0,0,
bmk2,820317905,5,3,f,-,-,-,2476,0,0,
bmk2,820317932,5,2,Bf,-,-,-,2476,10,0,
bmk2,820317971,6,1,Bc,kf,-,-,2466,35,0,
bmk2,820317993,6,6,f,-,-,-,2431,0,0,
bmk2,820318066,6,5,f,-,-,-,2431,0,0,
bmk2,820318094,6,4,f,-,-,-,2431,0,0,
bmk2,820318109,6,3,f,-,-,-,2431,0,0,
bmk2,820318131,5,1,Bk,kf,-,-,2431,10,0,
bmk2,820318177,5,1,Bf,-,-,-,2421,5,0,
bmk2,820318216,5,5,f,-,-,-,2416,0,0,
bmk2,820318235,5,4,c,f,-,-,2416,10,0,
bmk2,820318267,4,2,cc,c,f,-,2406,90,0,
bmk2,820318291,4,2,B,-,-,-,2316,10,15,
bmk2,820318301,4,1,Bcc,kf,-,-,2321,30,0,
bmk2,820318326,4,4,f,-,-,-,2291,0,0,
bmk2,820318344,4,3,f,-,-,-,2291,0,0,
bmk2,820318354,4,2,Bf,-,-,-,2291,10,0,
bmk2,820318392,4,1,Bc,kf,-,-,2281,10,0,
bmk2,820318416,4,4,c,f,-,-,2271,10,0,
bmk2,820318451,4,3,cc,f,-,-,2261,40,0,
bmk2,820318473,4,2,Bk,kf,-,-,2221,10,0,
bmk2,820318496,4,1,Bc,b,-,-,2211,30,40,
bmk2,820318514,4,4,c,f,-,-,2221,10,0,
bmk2,820318536,4,3,f,-,-,-,2211,0,0,
bmk2,820318543,4,2,Bc,kc,kc,k,2211,335,675,Ad,Ac
bmk2,820318581,4,1,Bf,-,-,-,2551,5,0,
bmk2,820318593,4,4,c,f,-,-,2546,10,0,
bmk2,820318624,4,3,f,-,-,-,2536,0,0,
bmk2,820318640,4,2,Bk,k,k,k,2536,10,0,Qd,Th
bmk2,820318675,4,1,Bf,-,-,-,2526,5,0,
bmk2,820318683,4,4,c,k,k,k,2521,10,0,Kh,8c
bmk2,820318713,4,3,f,-,-,-,2511,0,0,
bmk2,820318729,4,2,Bf,-,-,-,2511,10,0,
bmk2,820318740,4,1,Bf,-,-,-,2501,5,0,
bmk2,820318748,4,4,f,-,-,-,2496,0,0,
bmk2,820318772,4,3,cc,k,c,f,2496,130,0,
bmk2,820318806,4,2,B,-,-,-,2366,10,15,
bmk2,820318817,4,1,Bf,-,-,-,2371,5,0,
bmk2,820318837,4,4,f,-,-,-,2366,0,0,
bmk2,820318881,4,3,cc,c,k,k,2366,130,270,Qc,Js
bmk2,820318921,4,2,Bf,-,-,-,2506,10,0,
bmk2,820318934,4,1,Bf,-,-,-,2496,5,0,
bmk2,820318966,4,4,f,-,-,-,2491,0,0,
bmk2,820318998,4,3,f,-,-,-,2491,0,0,
bmk2,820319040,4,2,Bf,-,-,-,2491,10,0,
bmk2,820319067,4,1,Bf,-,-,-,2481,5,0,
bmk2,820319122,4,4,cc,r,-,-,2476,1905,2640,
bmk2,820319194,4,3,f,-,-,-,3211,0,0,
bmk2,820319214,4,2,Bf,-,-,-,3211,10,0,
bmk2,820319241,4,1,Bc,kf,-,-,3201,10,0,
bmk2,820319265,4,4,f,-,-,-,3191,0,0,
bmk2,820319274,4,3,c,b,k,k,3191,35,0,Ah,Th
bmk2,820319299,4,2,Bf,-,-,-,3156,10,0,
bmk2,820319310,4,1,Bf,-,-,-,3146,5,0,
bmk2,820319329,4,4,f,-,-,-,3141,0,0,
bmk2,820319352,4,3,f,-,-,-,3141,0,0,
bmk2,820319378,4,2,Bf,-,-,-,3141,10,0,
bmk2,820319390,4,1,Bf,-,-,-,3131,5,0,
bmk2,820319444,4,4,Q,-,-,-,3126,0,0,
