MrX3,817885676,8,8,c,f,-,-,3008,10,0,
MrX3,817885733,9,8,f,-,-,-,2998,0,0,
MrX3,817885788,9,7,r,k,k,f,2998,30,0,
MrX3,817885875,9,6,f,-,-,-,2968,0,0,
MrX3,817885926,10,6,f,-,-,-,2968,0,0,
MrX3,817886034,10,5,f,-,-,-,2968,0,0,
MrX3,817886100,10,4,c,b,-,-,2968,60,100,
MrX3,817886144,10,3,cc,kf,-,-,3008,45,0,
MrX3,817886172,10,2,Bk,b,-,-,2963,50,80,
MrX3,817886213,9,1,Bc,b,-,-,2993,60,100,
MrX3,817886262,9,9,c,f,-,-,3033,45,0,
MrX3,817886336,10,8,f,-,-,-,2988,0,0,
MrX3,817886405,10,7,f,-,-,-,2988,0,0,
MrX3,817886458,11,7,cc,f,-,-,2988,60,0,
MrX3,817886508,11,6,f,-,-,-,2928,0,0,
MrX3,817886634,12,6,f,-,-,-,2928,0,0,
MrX3,817886701,12,5,f,-,-,-,2928,0,0,
MrX3,817886812,11,4,f,-,-,-,2928,0,0,
MrX3,817886864,12,3,f,-,-,-,2928,0,0,
MrX3,817886947,12,2,Br,krA,-,-,2928,2928,6436,Ac,Ah
MrX3,817887057,12,1,Bf,-,-,-,6436,5,0,
MrX3,817887123,12,12,c,k,c,b,6431,290,420,
MrX3,817887208,11,10,cc,f,-,-,6561,100,0,
MrX3,817887372,12,10,c,f,-,-,6461,10,0,
MrX3,817887440,12,9,f,-,-,-,6451,0,0,
MrX3,817887517,12,8,f,-,-,-,6451,0,0,
MrX3,817887559,12,7,f,-,-,-,6451,0,0,
MrX3,817887625,12,6,cc,b,kf,-,6451,280,0,
MrX3,817887942,12,5,f,-,-,-,6171,0,0,
MrX3,817888027,12,4,c,k,kf,-,6171,10,0,
MrX3,817888151,12,3,f,-,-,-,6161,0,0,
MrX3,817888260,10,2,Bk,kc,kc,b,6161,1200,1680,
MrX3,817888425,10,1,Bf,Q,-,-,6641,5,0,
MrX3,818051071,2,2,Bf,-,-,-,6366,10,0,
MrX3,818051100,2,1,Bf,-,-,-,6356,5,0,
MrX3,818051108,2,2,B,-,-,-,6351,10,15,
MrX3,818051119,2,1,Br,b,-,-,6356,90,120,
MrX3,818051145,2,2,Bc,k,k,k,6386,30,0,Js,8d
MrX3,818051177,2,1,Bf,-,-,-,6356,5,0,
MrX3,818051186,2,2,Bk,f,-,-,6351,10,0,
MrX3,818051203,2,1,Bf,-,-,-,6341,5,0,
MrX3,818051208,2,2,Bk,b,-,-,6336,30,40,
MrX3,818051235,3,1,Bf,-,-,-,6346,5,0,
MrX3,818051270,3,3,r,b,b,-,6341,220,300,
MrX3,818051297,3,2,Bf,-,-,-,6421,10,0,
MrX3,818051307,3,1,Bc,kf,-,-,6411,35,0,
MrX3,818051351,3,3,f,-,-,-,6376,0,0,
MrX3,818051371,3,2,Bk,k,k,k,6376,10,10,3d,6s
MrX3,818051401,3,1,Bf,-,-,-,6376,5,0,
MrX3,818051409,3,3,r,-,-,-,6371,35,50,
MrX3,818051421,3,2,Bk,k,k,f,6386,10,0,
MrX3,818051454,2,1,Br,-,-,-,6376,30,40,
MrX3,818051465,2,2,Bk,b,-,-,6386,30,40,
MrX3,818051483,2,1,Br,b,-,-,6396,90,120,
MrX3,818051502,2,2,B,-,-,-,6426,10,15,
MrX3,818051511,2,1,Bf,-,-,-,6431,5,0,
MrX3,818051514,2,2,B,-,-,-,6426,10,15,
MrX3,818051521,2,1,Bf,-,-,-,6431,5,0,
MrX3,818051531,2,2,B,-,-,-,6426,10,15,
MrX3,818051539,2,1,Br,b,-,-,6431,90,120,
MrX3,818051557,2,2,Bf,-,-,-,6461,10,0,
MrX3,818051569,2,1,Bcr,b,-,-,6451,270,360,
MrX3,818051595,2,2,Bk,k,b,-,6541,30,40,
MrX3,818051624,4,1,Bf,-,-,-,6551,5,0,
MrX3,818051641,4,4,f,-,-,-,6546,0,0,
MrX3,818051669,5,4,f,-,-,-,6546,0,0,
MrX3,818051717,5,3,f,-,-,-,6546,0,0,
MrX3,818051738,5,2,Bk,f,-,-,6546,10,0,
MrX3,818051770,5,1,Bf,-,-,-,6536,5,0,
MrX3,818051790,5,5,f,-,-,-,6531,0,0,
MrX3,818051846,5,4,f,-,-,-,6531,0,0,
MrX3,818051861,6,4,f,-,-,-,6531,0,0,
MrX3,818051949,6,3,f,-,-,-,6531,0,0,
MrX3,818051995,6,2,Bc,f,-,-,6531,30,0,
MrX3,818052020,6,1,Bc,kf,-,-,6501,10,0,
MrX3,818052084,6,6,r,k,f,-,6491,65,0,
MrX3,818052164,5,4,f,-,-,-,6426,0,0,
MrX3,818052191,5,3,f,-,-,-,6426,0,0,
MrX3,818052217,5,2,B,-,-,-,6426,10,15,
MrX3,818052226,5,1,Bf,-,-,-,6431,5,0,
MrX3,818052240,5,5,f,-,-,-,6426,0,0,
MrX3,818052284,5,4,f,-,-,-,6426,0,0,
MrX3,818052296,5,3,f,-,-,-,6426,0,0,
MrX3,818052311,5,2,Bf,-,-,-,6426,10,0,
MrX3,818052347,5,1,Bf,-,-,-,6416,5,0,
MrX3,818052356,5,5,f,-,-,-,6411,0,0,
MrX3,818052380,5,4,r,b,f,-,6411,110,0,
MrX3,818052421,5,3,f,-,-,-,6301,0,0,
MrX3,818052459,5,2,Bk,r,-,-,6301,130,180,
MrX3,818052484,5,1,Bf,-,-,-,6351,5,0,
MrX3,818052496,5,5,f,-,-,-,6346,0,0,
MrX3,818052508,5,4,r,f,-,-,6346,45,0,
MrX3,818052529,5,3,f,-,-,-,6301,0,0,
MrX3,818052543,5,2,Bk,kf,-,-,6301,10,0,
MrX3,818052564,5,1,Bc,kf,-,-,6291,10,0,
MrX3,818052636,5,5,f,-,-,-,6281,0,0,
MrX3,818052650,5,4,cc,b,-,-,6281,185,280,
MrX3,818052684,5,3,f,-,-,-,6376,0,0,
MrX3,818052707,5,2,Bk,k,r,-,6376,210,300,
MrX3,818052740,5,1,Bf,-,-,-,6466,5,0,
MrX3,818052768,5,5,c,k,b,-,6461,45,70,
MrX3,818052798,5,4,f,-,-,-,6486,0,0,
MrX3,818052842,5,3,f,-,-,-,6486,0,0,
MrX3,818052878,5,2,Bk,k,k,k,6486,10,0,9h,2s
MrX3,818052905,5,1,Bf,-,-,-,6476,5,0,
MrX3,818052929,6,6,f,-,-,-,6471,0,0,
MrX3,818052961,6,5,f,-,-,-,6471,0,0,
MrX3,818053016,6,4,f,-,-,-,6471,0,0,
MrX3,818053090,6,3,f,-,-,-,6471,0,0,
MrX3,818053152,6,2,Bk,k,k,f,6471,10,0,
MrX3,818053201,7,1,Bc,kf,-,-,6461,45,0,
MrX3,818053250,6,6,c,f,-,-,6416,10,0,
MrX3,818053297,7,5,cc,b,-,-,6406,340,550,
MrX3,818053348,6,3,f,-,-,-,6616,0,0,
MrX3,818053448,8,2,Bf,-,-,-,6616,10,0,
MrX3,818053513,8,1,Bc,b,b,bc,6606,1210,0,Qc,Ts
MrX3,818053570,8,8,c,k,k,k,5396,10,0,Ac,Jc
MrX3,818053645,9,8,f,-,-,-,5386,0,0,
MrX3,818053712,9,7,f,-,-,-,5386,0,0,
MrX3,818053783,8,5,c,f,-,-,5386,10,0,
MrX3,818053821,8,4,c,bc,k,k,5376,165,365,
MrX3,818053870,8,3,f,Q,-,-,5576,0,0,
MrX3,818229498,3,2,B,-,-,-,5576,10,15,
MrX3,818229504,3,1,Bf,-,-,-,5581,5,0,
MrX3,818229526,3,3,f,-,-,-,5576,0,0,
MrX3,818229565,3,2,B,-,-,-,5576,10,15,
MrX3,818229575,3,1,Bf,-,-,-,5581,5,0,
MrX3,818229582,3,3,f,-,-,-,5576,0,0,
MrX3,818229588,3,2,Bf,-,-,-,5576,10,0,
MrX3,818229625,3,1,Bc,kf,-,-,5566,10,0,
MrX3,818229646,3,3,c,r,-,-,5556,110,150,
MrX3,818229676,3,2,Bf,-,-,-,5596,10,0,
MrX3,818229691,3,1,Bf,-,-,-,5586,5,0,
MrX3,818229697,3,3,f,-,-,-,5581,0,0,
MrX3,818229702,3,2,Bc,kf,-,-,5581,35,0,
MrX3,818229718,4,1,Bc,b,kf,-,5546,50,0,
MrX3,818229758,4,4,f,-,-,-,5496,0,0,
MrX3,818229777,4,3,f,-,-,-,5496,0,0,
MrX3,818229785,4,2,Bk,kf,-,-,5496,10,0,
MrX3,818229802,4,1,Bf,-,-,-,5486,5,0,
MrX3,818229810,4,4,f,-,-,-,5481,0,0,
MrX3,818229826,4,3,c,-,-,-,5481,10,25,
MrX3,818229836,5,2,Bc,kf,-,-,5496,35,0,
MrX3,818229880,6,1,Bf,-,-,-,5461,5,0,
MrX3,818229942,7,7,f,-,-,-,5456,0,0,
MrX3,818229980,8,7,f,-,-,-,5456,0,0,
MrX3,818230058,8,6,f,-,-,-,5456,0,0,
MrX3,818230109,8,5,f,-,-,-,5456,0,0,
MrX3,818230186,8,4,f,-,-,-,5456,0,0,
MrX3,818230302,7,3,f,-,-,-,5456,0,0,
MrX3,818230379,8,2,Bk,b,b,-,5456,210,300,
MrX3,818230429,9,1,Bf,-,-,-,5546,5,0,
MrX3,818230448,9,9,r,c,r,b,5541,2670,3570,
MrX3,818230507,8,7,f,-,-,-,6441,0,0,
MrX3,818230549,8,6,f,-,-,-,6441,0,0,
MrX3,818230577,8,5,f,-,-,-,6441,0,0,
MrX3,818230665,7,3,c,f,-,-,6441,10,0,
MrX3,818230700,7,2,Bc,kf,-,-,6431,35,0,
MrX3,818230726,8,1,Bf,-,-,-,6396,5,0,
MrX3,818230767,8,8,f,-,-,-,6391,0,0,
MrX3,818230815,8,7,f,-,-,-,6391,0,0,
MrX3,818230847,8,6,f,-,-,-,6391,0,0,
MrX3,818230914,8,5,f,-,-,-,6391,0,0,
MrX3,818230984,9,5,f,-,-,-,6391,0,0,
MrX3,818231025,9,4,f,-,-,-,6391,0,0,
MrX3,818231041,9,3,f,-,-,-,6391,0,0,
MrX3,818231094,9,2,Bc,kf,-,-,6391,45,0,
MrX3,818231132,10,1,BQ,-,-,-,6346,5,0,
MrX3,818231436,9,8,c,f,-,-,6341,35,0,
MrX3,818231590,10,8,f,-,-,-,6306,0,0,
MrX3,818231640,10,7,f,-,-,-,6306,0,0,
MrX3,818231684,10,7,f,-,-,-,6306,0,0,
MrX3,818231753,9,5,f,-,-,-,6306,0,0,
MrX3,818231842,9,4,f,-,-,-,6306,0,0,
MrX3,818231884,9,3,f,-,-,-,6306,0,0,
MrX3,818231957,9,2,Bf,-,-,-,6306,10,0,
MrX3,818231993,9,1,Bc,k,kf,-,6296,10,0,
MrX3,818232041,8,8,f,-,-,-,6286,0,0,
MrX3,818232169,7,6,f,-,-,-,6286,0,0,
MrX3,818232277,7,6,f,-,-,-,6286,0,0,
MrX3,818232351,7,5,f,-,-,-,6286,0,0,
MrX3,818232452,7,4,r,-,-,-,6286,35,50,
MrX3,818232469,7,3,f,-,-,-,6301,0,0,
MrX3,818232503,7,2,Bk,k,kf,-,6301,10,0,
MrX3,818232545,7,1,Bf,-,-,-,6291,5,0,
MrX3,818232620,7,7,f,-,-,-,6286,0,0,
MrX3,818232702,7,6,f,-,-,-,6286,0,0,
MrX3,818232793,7,5,c,k,f,-,6286,10,0,
MrX3,818232882,7,4,c,k,k,k,6276,10,0,Jh,Ac
MrX3,818232941,6,2,c,kf,-,-,6266,10,0,
MrX3,818232980,6,2,Bk,k,b,-,6256,50,80,
MrX3,818233023,6,1,Bf,-,-,-,6286,5,0,
MrX3,818233066,7,7,f,-,-,-,6281,0,0,
MrX3,818233133,7,6,c,k,c,k,6281,70,180,9c,8c
MrX3,818233198,7,5,f,-,-,-,6391,0,0,
MrX3,818233273,7,4,f,-,-,-,6391,0,0,
MrX3,818233305,8,2,Bk,k,b,b,6391,170,240,
MrX3,818233373,8,1,Bf,-,-,-,6461,5,0,
MrX3,818233409,8,8,f,-,-,-,6456,0,0,
MrX3,818233440,8,7,f,-,-,-,6456,0,0,
MrX3,818233481,8,7,Q,-,-,-,6456,0,0,
MrX3,818404397,3,2,Bk,k,b,b,6846,110,225,7d,7s
MrX3,818404422,5,1,Bc,kc,k,kf,6961,130,0,
MrX3,818404473,5,5,f,-,-,-,6831,0,0,
MrX3,818404491,5,4,f,-,-,-,6831,0,0,
MrX3,818404524,5,3,f,-,-,-,6831,0,0,
MrX3,818404557,6,3,cc,kc,b,-,6831,510,720,
MrX3,818404609,6,2,Bk,kf,-,-,7041,10,0,
MrX3,818404636,7,1,Bc,k,kf,-,7031,10,0,
MrX3,818404671,7,7,c,k,f,-,7021,10,0,
MrX3,818404715,7,6,c,k,f,-,7011,10,0,
MrX3,818404748,7,5,f,-,-,-,7001,0,0,
MrX3,818404787,7,4,c,k,f,-,7001,10,0,
MrX3,818404823,7,3,f,-,-,-,6991,0,0,
MrX3,818404883,8,3,f,-,-,-,6991,0,0,
MrX3,818404929,8,2,Bk,kc,kf,-,6991,40,0,
MrX3,818404972,8,1,Bc,b,b,k,6951,290,630,Qc,9c
MrX3,818405012,8,8,f,-,-,-,7291,0,0,
MrX3,818405055,8,7,f,-,-,-,7291,0,0,
MrX3,818405098,8,6,f,-,-,-,7291,0,0,
MrX3,818405157,8,5,f,-,-,-,7291,0,0,
MrX3,818405215,8,4,c,k,b,k,7291,50,120,8s,7s
MrX3,818405262,8,3,f,-,-,-,7361,0,0,
MrX3,818405291,8,2,Bcf,-,-,-,7361,65,0,
MrX3,818405362,8,1,Bf,-,-,-,7296,5,0,
MrX3,818405383,8,8,f,-,-,-,7291,0,0,
MrX3,818405468,8,7,c,k,k,f,7291,10,0,
MrX3,818405530,8,6,cf,-,-,-,7281,10,0,
MrX3,818405588,8,5,f,-,-,-,7271,0,0,
MrX3,818405640,8,4,cc,kf,-,-,7271,55,0,
MrX3,818405709,8,3,f,-,-,-,7216,0,0,
MrX3,818405761,8,2,Bk,kf,-,-,7216,10,0,
MrX3,818405808,8,1,Bf,-,-,-,7206,5,0,
MrX3,818405850,8,8,cf,-,-,-,7201,10,0,
MrX3,818405898,8,7,f,-,-,-,7191,0,0,
MrX3,818405965,8,6,f,-,-,-,7191,0,0,
MrX3,818406021,8,5,f,-,-,-,7191,0,0,
MrX3,818406075,8,4,f,-,-,-,7191,0,0,
MrX3,818406112,8,3,f,-,-,-,7191,0,0,
MrX3,818406129,8,2,Br,b,-,-,7191,430,700,
MrX3,818406172,8,1,Bc,kf,-,-,7461,10,0,
MrX3,818406211,8,8,f,-,-,-,7451,0,0,
MrX3,818406250,8,7,c,k,b,-,7451,60,100,
MrX3,818406314,8,6,f,-,-,-,7491,0,0,
MrX3,818406354,8,5,c,k,f,-,7491,10,0,
MrX3,818406429,8,4,f,-,-,-,7481,0,0,
MrX3,818406492,8,3,f,-,-,-,7481,0,0,
MrX3,818406537,8,2,Bk,k,kc,kf,7481,55,0,
MrX3,818406582,8,1,Bcc,b,k,k,7426,90,0,As,4h
MrX3,818406613,8,8,f,-,-,-,7336,0,0,
MrX3,818406680,8,7,r,k,k,f,7336,45,0,
MrX3,818406777,8,6,c,k,k,f,7291,10,0,
MrX3,818406837,8,5,fQ,-,-,-,7281,0,0,
MrX3,818573134,3,2,B,-,-,-,6981,10,15,
MrX3,818573138,3,1,Bf,-,-,-,6986,5,0,
MrX3,818573143,3,3,f,-,-,-,6981,0,0,
MrX3,818573172,4,1,Bk,kf,-,-,6981,10,0,
MrX3,818573215,4,1,Bf,-,-,-,6971,5,0,
MrX3,818573235,4,4,f,-,-,-,6966,0,0,
MrX3,818573243,4,3,f,-,-,-,6966,0,0,
MrX3,818573276,4,2,Bk,b,k,b,6966,130,180,
MrX3,818573319,5,1,Bc,k,kf,-,7016,45,0,
MrX3,818573357,6,6,c,f,-,-,6971,10,0,
MrX3,818573387,7,6,f,-,-,-,6961,0,0,
MrX3,818573416,7,5,f,-,-,-,6961,0,0,
MrX3,818573453,7,4,r,-,-,-,6961,35,50,
MrX3,818573494,7,3,r,-,-,-,6976,35,50,
MrX3,818573524,7,2,Bk,b,b,-,6991,190,270,
MrX3,818573552,7,1,Bf,-,-,-,7071,5,0,
MrX3,818573620,8,8,r,b,-,-,7066,115,160,
MrX3,818573655,8,7,f,-,-,-,7111,0,0,
MrX3,818573680,8,6,f,-,-,-,7111,0,0,
MrX3,818573715,8,5,cr,b,k,k,7111,725,0,8c,8h
MrX3,818573758,8,4,f,-,-,-,6386,0,0,
MrX3,818573788,8,3,r,b,b,-,6386,615,870,
MrX3,818573828,8,2,Bk,k,k,k,6641,10,0,2s,8h
MrX3,818573863,8,1,Bf,-,-,-,6631,5,0,
MrX3,818573941,8,8,c,k,k,k,6626,10,0,8s,7h
MrX3,818574009,8,7,c,f,-,-,6616,10,0,
MrX3,818574051,8,6,f,-,-,-,6606,0,0,
MrX3,818574086,8,5,f,-,-,-,6606,0,0,
MrX3,818574137,8,4,f,Q,-,-,6606,0,0,
MrX3,819352124,5,2,Bk,f,-,-,7156,10,0,
MrX3,819352144,5,1,Bc,kf,-,-,7146,10,0,
MrX3,819352196,5,5,f,-,-,-,7136,0,0,
MrX3,819352223,5,4,f,-,-,-,7136,0,0,
MrX3,819352248,5,3,f,-,-,-,7136,0,0,
MrX3,819352268,5,2,Bk,kf,-,-,7136,10,0,
MrX3,819352293,5,1,Bf,-,-,-,7126,5,0,
MrX3,819352331,5,5,f,-,-,-,7121,0,0,
MrX3,819352338,5,4,f,-,-,-,7121,0,0,
MrX3,819352348,5,3,f,-,-,-,7121,0,0,
MrX3,819352380,5,2,Bk,b,-,-,7121,30,40,
MrX3,819352409,5,1,Bc,k,kf,-,7131,10,0,
MrX3,819352519,5,5,c,f,-,-,7121,35,0,
MrX3,819352552,5,4,f,-,-,-,7086,0,0,
MrX3,819352578,5,3,f,-,-,-,7086,0,0,
MrX3,819352611,4,2,Bk,kf,-,-,7086,10,0,
MrX3,819352686,5,1,Bc,k,k,k,7076,10,30,3h,Ad
MrX3,819352737,4,4,c,f,-,-,7096,10,0,
MrX3,819352779,4,4,f,-,-,-,7086,0,0,
MrX3,819352813,4,3,f,-,-,-,7086,0,0,
MrX3,819352842,4,2,Bk,kf,-,-,7086,10,0,
MrX3,819352893,4,1,Bf,-,-,-,7076,5,0,
MrX3,819352910,4,4,f,-,-,-,7071,0,0,
MrX3,819352921,4,3,f,-,-,-,7071,0,0,
MrX3,819352965,5,2,Bc,bf,-,-,7071,140,0,
MrX3,819353125,6,1,Bc,k,k,k,6931,10,30,Td,7h
MrX3,819353200,6,6,cc,k,f,-,6951,45,0,
MrX3,819353251,6,5,f,-,-,-,6906,0,0,
MrX3,819353294,6,4,f,-,-,-,6906,0,0,
MrX3,819353369,6,3,rc,bf,-,-,6906,1235,0,
MrX3,819353445,6,2,Bk,bc,k,k,5671,210,450,4h,2d
MrX3,819353507,6,1,Bc,b,-,-,5911,50,80,
MrX3,819353548,6,3,Q,-,-,-,5941,0,0,
