EdK,819520316,7,3,f,-,-,-,3018,0,0,
EdK,819520368,8,2,Bf,-,-,-,3018,10,0,
EdK,819520438,8,1,Bf,-,-,-,3008,5,0,
EdK,819520482,9,9,c,f,-,-,3003,35,0,
EdK,819520533,9,8,c,f,-,-,2968,10,0,
EdK,819520580,9,7,f,-,-,-,2958,0,0,
EdK,819520655,9,6,f,-,-,-,2958,0,0,
EdK,819520685,9,5,f,-,-,-,2958,0,0,
EdK,819520725,9,4,f,-,-,-,2958,0,0,
EdK,819520790,9,3,f,-,-,-,2958,0,0,
EdK,819520879,9,2,Bk,kf,-,-,2958,10,0,
EdK,819520905,9,1,Bcc,bf,-,-,2948,160,0,
EdK,819520945,9,9,f,-,-,-,2788,0,0,
EdK,819520984,9,8,f,-,-,-,2788,0,0,
EdK,819521027,9,7,f,-,-,-,2788,0,0,
EdK,819521074,9,6,cc,kf,-,-,2788,55,0,
EdK,819521121,9,5,f,-,-,-,2733,0,0,
EdK,819521183,9,4,f,-,-,-,2733,0,0,
EdK,819521326,9,3,f,-,-,-,2733,0,0,
EdK,819521425,9,2,Bk,b,-,-,2733,35,50,
EdK,819521468,9,1,Bc,kf,-,-,2748,10,0,
EdK,819521540,9,9,f,-,-,-,2738,0,0,
EdK,819521576,9,8,r,kf,-,-,2738,25,0,
EdK,819521642,9,7,f,-,-,-,2713,0,0,
EdK,819521677,9,6,f,-,-,-,2713,0,0,
EdK,819521741,9,5,f,-,-,-,2713,0,0,
EdK,819521804,10,4,f,-,-,-,2713,0,0,
EdK,819521842,10,3,f,-,-,-,2713,0,0,
EdK,819521912,10,2,Bf,-,-,-,2713,10,0,
EdK,819522036,9,1,Bc,Q,-,-,2703,10,0,
