painful,819353125,6,2,Bk,k,k,k,3065,10,0,Ts,6s
painful,819353200,6,1,Br,k,kf,-,3055,45,0,
painful,819353251,6,6,f,-,-,-,3010,0,0,
painful,819353294,6,5,r,b,k,f,3010,100,0,
painful,819353369,6,4,rc,rA,-,-,2910,2910,4465,
painful,819353445,6,3,f,-,-,-,4465,0,0,
painful,819353507,6,2,Bk,f,-,-,4465,10,0,
painful,819353548,6,1,Bc,kf,-,-,4455,10,0,
painful,819353590,5,5,c,b,-,-,4445,45,70,
painful,819353621,5,4,f,-,-,-,4470,0,0,
painful,819353633,5,3,f,-,-,-,4470,0,0,
painful,819353656,5,2,Bk,kf,-,-,4470,10,0,
painful,819353715,5,1,Bc,kf,-,-,4460,10,0,
painful,819353758,5,5,r,c,f,-,4450,85,0,
painful,819353786,5,4,f,-,-,-,4365,0,0,
painful,819353801,5,3,c,r,-,-,4365,100,150,
painful,819353832,5,2,Bf,-,-,-,4415,10,0,
painful,819353850,5,1,Bc,kf,-,-,4405,10,0,
painful,819353878,5,5,r,b,-,-,4395,120,170,
painful,819353911,5,4,f,-,-,-,4445,0,0,
painful,819353923,5,3,f,-,-,-,4445,0,0,
painful,819353940,5,2,Bf,-,-,-,4445,10,0,
painful,819353980,5,1,Bf,-,-,-,4435,5,0,
painful,819354002,5,5,f,-,-,-,4430,0,0,
painful,819354053,5,4,f,-,-,-,4430,0,0,
painful,819354064,5,3,f,-,-,-,4430,0,0,
painful,819354085,5,2,Bc,b,-,-,4430,185,280,
painful,819354113,5,1,Bf,-,-,-,4525,5,0,
painful,819354122,5,5,c,f,-,-,4520,10,0,
painful,819354148,5,4,f,-,-,-,4510,0,0,
painful,819354183,5,3,f,-,-,-,4510,0,0,
painful,819354193,5,2,Bf,-,-,-,4510,10,0,
painful,819354203,5,1,Bc,k,kf,-,4500,10,0,
painful,819354235,5,5,f,-,-,-,4490,0,0,
painful,819354255,5,4,f,-,-,-,4490,0,0,
painful,819354264,5,3,f,-,-,-,4490,0,0,
painful,819354303,5,2,Bk,k,c,k,4490,30,0,3c,Qd
painful,819354342,5,1,Bc,k,b,-,4460,50,80,
painful,819354379,5,5,f,-,-,-,4490,0,0,
painful,819354399,5,4,r,-,-,-,4490,35,60,
painful,819354412,5,3,f,-,-,-,4515,0,0,
painful,819354430,5,2,Bk,k,k,kf,4515,10,0,
painful,819354476,5,1,Br,k,k,k,4505,45,110,
painful,819354544,5,5,f,-,-,-,4570,0,0,
painful,819354593,5,4,f,-,-,-,4570,0,0,
painful,819354636,3,3,r,r,-,-,4570,205,300,
painful,819354676,3,2,Bk,b,k,k,4665,30,60,2c,7h
painful,819354707,3,1,Bf,-,-,-,4695,5,0,
painful,819354724,3,3,r,-,-,-,4690,25,40,
painful,819354731,3,2,Bk,b,-,-,4705,30,40,
painful,819354746,3,1,Bf,-,-,-,4715,5,0,
painful,819354767,3,3,f,-,-,-,4710,0,0,
painful,819354785,3,2,Bf,-,-,-,4710,10,0,
painful,819354793,3,1,Bf,-,-,-,4700,5,0,
painful,819354805,3,3,f,-,-,-,4695,0,0,
painful,819354809,3,2,Bk,f,-,-,4695,10,0,
painful,819354820,3,1,Bf,-,-,-,4685,5,0,
painful,819354838,3,3,f,-,-,-,4680,0,0,
painful,819354846,3,2,Bk,k,k,k,4680,10,20,Kd,5c
painful,819354865,3,1,Bf,-,-,-,4690,5,0,
painful,819354879,3,3,f,-,-,-,4685,0,0,
painful,819354885,3,2,Bk,k,k,k,4685,10,0,2s,6s
painful,819354904,3,1,Bc,k,k,kf,4675,35,0,
painful,819354948,3,3,f,-,-,-,4640,0,0,
painful,819354958,3,2,Br,b,-,-,4640,260,350,
painful,819354981,3,1,Bf,-,-,-,4730,5,0,
painful,819354998,3,3,f,-,-,-,4725,0,0,
painful,819355005,3,2,Br,-,-,-,4725,70,100,
painful,819355015,3,1,Bc,kc,k,k,4755,40,90,7d,4d
painful,819355045,3,3,f,-,-,-,4805,0,0,
painful,819355057,3,2,Bf,-,-,-,4805,10,0,
painful,819355084,3,1,Bf,-,-,-,4795,5,0,
painful,819355116,3,3,c,c,b,b,4790,400,540,
painful,819355147,3,2,B,-,-,-,4930,10,15,
painful,819355153,3,1,Bf,-,-,-,4935,5,0,
painful,819355162,3,3,f,-,-,-,4930,0,0,
painful,819355168,3,2,Br,b,-,-,4930,90,120,
painful,819355185,3,1,Bf,-,-,-,4960,5,0,
painful,819355202,3,3,f,-,-,-,4955,0,0,
painful,819355209,3,2,Bc,k,k,c,4955,90,0,7s,7c
painful,819355232,3,1,Bf,-,-,-,4865,5,0,
painful,819355241,3,3,f,-,-,-,4860,0,0,
painful,819355246,3,2,Bf,-,-,-,4860,10,0,
painful,819355255,3,1,Br,b,-,-,4850,140,210,
painful,819355272,3,3,f,-,-,-,4920,0,0,
painful,819355277,4,2,Bk,b,-,-,4920,40,60,
painful,819355295,4,1,Bf,-,-,-,4940,5,0,
painful,819355302,4,4,f,-,-,-,4935,0,0,
painful,819355315,4,3,f,-,-,-,4935,0,0,
painful,819355320,4,2,Bf,-,-,-,4935,10,0,
painful,819355339,4,1,Br,-,-,-,4925,85,130,
painful,819355353,4,4,f,-,-,-,4970,0,0,
painful,819355369,4,3,f,-,-,-,4970,0,0,
painful,819355392,4,2,Bf,-,-,-,4970,10,0,
painful,819355419,5,1,Bc,b,b,kc,4960,530,0,8s,7s
painful,819355458,5,5,f,-,-,-,4430,0,0,
painful,819355510,5,4,f,-,-,-,4430,0,0,
painful,819355549,5,3,r,-,-,-,4430,25,40,
painful,819355562,5,2,Bc,k,kf,-,4445,25,0,
painful,819355613,5,1,Bf,-,-,-,4420,5,0,
painful,819355633,5,5,r,b,k,c,4415,270,277,As,Ts
painful,819355688,5,4,f,-,-,-,4422,0,0,
painful,819355704,5,3,f,-,-,-,4422,0,0,
painful,819355715,5,2,Bk,k,b,-,4422,30,40,
painful,819355739,5,1,Bf,-,-,-,4432,5,0,
painful,819355767,5,5,c,k,b,-,4427,45,70,
painful,819355794,5,4,f,-,-,-,4452,0,0,
painful,819355823,5,3,f,-,-,-,4452,0,0,
painful,819355857,5,2,Bf,-,-,-,4452,10,0,
painful,819355883,5,1,Br,b,kf,-,4442,265,0,
painful,819355925,5,5,c,c,c,k,4177,375,0,9d,Jd
painful,819355972,5,4,r,b,k,c,3802,375,765,Ah,Ts
painful,819356008,5,3,f,-,-,-,4192,0,0,
painful,819356049,5,2,Bk,b,b,k,4192,110,225,Qh,9c
painful,819356086,5,1,Bf,-,-,-,4307,5,0,
painful,819356109,5,5,f,-,-,-,4302,0,0,
painful,819356127,5,4,f,-,-,-,4302,0,0,
painful,819356156,5,3,f,-,-,-,4302,0,0,
painful,819356175,5,2,Bk,c,c,r,4302,630,0,Kh,Ah
painful,819356212,5,1,Bc,br,b,-,3672,1490,2080,
painful,819356283,5,5,f,-,-,-,4262,0,0,
painful,819356305,5,4,f,-,-,-,4262,0,0,
painful,819356323,5,3,r,kc,k,b,4262,345,480,
painful,819356363,5,2,r,b,-,-,4397,60,80,
painful,819356386,5,2,Bf,-,-,-,4417,10,0,
painful,819356412,5,1,Bf,-,-,-,4407,5,0,
painful,819356431,5,5,f,-,-,-,4402,0,0,
painful,819356452,5,4,f,-,-,-,4402,0,0,
painful,819356470,5,3,f,-,-,-,4402,0,0,
painful,819356486,5,2,Bf,-,-,-,4402,10,0,
painful,819356502,5,1,Bc,k,k,kf,4392,35,0,
painful,819356538,3,3,c,k,f,-,4357,30,0,
painful,819356564,3,3,f,-,-,-,4327,0,0,
painful,819356583,3,2,Bf,-,-,-,4327,10,0,
painful,819356600,3,1,Bc,kr,-,-,4317,310,480,
painful,819356640,3,3,r,k,k,b,4487,80,110,
painful,819356667,3,2,Bc,f,-,-,4517,35,0,
painful,819356715,3,1,Bcf,-,-,-,4482,35,0,
painful,819356730,3,3,r,bf,-,-,4447,80,0,
painful,819356750,3,2,Bc,kc,b,-,4367,335,450,
painful,819356771,3,1,Bc,k,kf,-,4482,10,0,
painful,819356817,3,3,r,b,-,-,4472,80,110,
painful,819356833,3,2,Bc,kc,k,b,4502,455,630,
painful,819356872,3,1,Bf,-,-,-,4677,5,0,
painful,819356892,3,3,f,-,-,-,4672,0,0,
painful,819356897,3,2,Bf,-,-,-,4672,10,0,
painful,819356906,3,1,Bf,-,-,-,4662,5,0,
painful,819356918,3,3,f,-,-,-,4657,0,0,
painful,819356932,3,2,Bk,brf,-,-,4657,210,0,
painful,819356960,3,1,Bf,-,-,-,4447,5,0,
painful,819356966,3,3,f,-,-,-,4442,0,0,
painful,819356984,3,2,Bc,kf,-,-,4442,35,0,
painful,819357008,3,1,Br,k,kf,-,4407,85,0,
painful,819357034,4,3,c,b,-,-,4322,40,60,
painful,819357054,4,2,Bk,f,-,-,4342,10,0,
painful,819357070,3,1,Bf,-,-,-,4332,5,0,
painful,819357086,3,3,cc,k,c,b,4327,520,720,
painful,819357121,3,2,B,-,-,-,4527,10,15,
painful,819357126,3,1,Bc,k,kf,-,4532,35,0,
painful,819357145,3,3,c,k,f,-,4497,10,0,
painful,819357159,3,2,Bf,-,-,-,4487,10,0,
painful,819357179,3,1,Br,k,b,-,4477,115,160,
painful,819357199,3,3,cc,c,f,-,4522,110,0,
painful,819357220,3,2,Bf,-,-,-,4412,10,0,
painful,819357239,4,1,Bc,kf,-,-,4402,35,0,
painful,819357259,4,4,f,-,-,-,4367,0,0,
painful,819357286,3,3,f,-,-,-,4367,0,0,
painful,819357303,3,2,Br,b,-,-,4367,90,120,
painful,819357324,3,1,Bf,-,-,-,4397,5,0,
painful,819357336,3,3,c,k,c,k,4392,40,90,Jd,Ts
painful,819357361,3,2,Bc,k,b,kc,4442,335,0,Td,Js
painful,819357389,3,1,BQ,-,-,-,4107,5,0,
painful,819882412,5,2,Bf,-,-,-,4102,10,0,
painful,819882461,6,1,Bc,b,-,-,4092,40,60,
painful,819882486,6,6,cc,b,k,c,4112,400,0,9d,As
painful,819882553,6,5,c,f,-,-,3712,10,0,
painful,819882600,5,3,f,-,-,-,3702,0,0,
painful,819882664,4,2,Bk,k,kf,-,3702,10,0,
painful,819882700,4,1,Bf,-,-,-,3692,5,0,
painful,819882746,4,4,r,b,-,-,3687,110,150,
painful,819882782,4,3,f,-,-,-,3727,0,0,
painful,819882811,3,1,B,-,-,-,3727,10,10,
painful,819882816,2,1,Bf,-,-,-,3727,5,0,
painful,819882822,2,2,B,-,-,-,3722,10,15,
painful,819882828,2,1,Bc,b,-,-,3727,30,40,
painful,819882846,2,2,Bk,k,k,k,3737,10,0,9h,5c
painful,819882864,2,1,Bc,k,kr,b,3727,210,280,
painful,819882899,2,2,Br,k,c,k,3797,210,0,Td,Ah
painful,819882929,2,1,Bf,-,-,-,3587,5,0,
painful,819882934,2,2,Bk,r,-,-,3582,70,100,
painful,819882949,2,1,Bf,-,-,-,3612,5,0,
painful,819882953,2,2,B,-,-,-,3607,10,15,
painful,819882956,2,1,Bf,-,-,-,3612,5,0,
painful,819882960,2,2,Br,b,-,-,3607,90,120,
painful,819882977,2,1,Bc,k,b,b,3637,90,120,
painful,819883001,2,2,Bk,k,k,f,3667,10,0,
painful,819883021,2,1,Bf,-,-,-,3657,5,0,
painful,819883024,2,2,Bk,k,k,k,3652,10,0,Jd,8c
painful,819883039,2,1,Bc,k,k,b,3642,30,40,
painful,819883062,2,2,Brc,f,-,-,3652,90,0,
painful,819883077,2,1,Bc,b,-,-,3562,30,40,
painful,819883090,2,2,Bf,-,-,-,3572,10,0,
painful,819883096,2,1,Bf,-,-,-,3562,5,0,
painful,819883100,2,2,Bf,-,-,-,3557,10,0,
painful,819883106,2,1,Bc,k,b,-,3547,30,40,
painful,819883124,2,2,B,-,-,-,3557,10,15,
painful,819883128,2,1,Bf,-,-,-,3562,5,0,
painful,819883132,2,2,Bk,c,k,k,3557,30,0,4c,5c
painful,819883153,2,1,Bf,-,-,-,3527,5,0,
painful,819883158,2,2,Bk,b,-,-,3522,30,40,
painful,819883172,2,1,Bf,-,-,-,3532,5,0,
painful,819883176,2,2,Bk,k,k,-,3527,10,20,
painful,819883194,2,1,Bc,kf,-,-,3537,10,0,
painful,819883207,2,2,Bf,-,-,-,3527,10,0,
painful,819883211,2,1,Bf,-,-,-,3517,5,0,
painful,819883215,2,2,Bf,-,-,-,3512,10,0,
painful,819883220,2,1,Bcc,kc,k,b,3502,270,360,
painful,819883245,2,2,Bf,-,-,-,3592,10,0,
painful,819883254,2,1,Bf,-,-,-,3582,5,0,
painful,819883257,2,2,B,-,-,-,3577,10,15,
painful,819883261,2,1,Brc,kc,kf,-,3582,225,0,
painful,819883284,2,2,Bf,-,-,-,3357,10,0,
painful,819883289,2,1,Bc,b,bKQ,-,3347,90,120,
