kal,819505615,5,5,c,k,b,-,3772,35,50,
kal,819505646,5,4,f,-,-,-,3787,0,0,
kal,819505678,5,3,f,-,-,-,3787,0,0,
kal,819505689,5,2,Bk,k,k,k,3787,10,0,Qc,Jd
kal,819505719,5,1,Bc,kf,-,-,3777,10,0,
kal,819505800,5,5,f,-,-,-,3767,0,0,
kal,819505822,5,4,f,-,-,-,3767,0,0,
kal,819505881,5,3,cf,-,-,-,3767,10,0,
kal,819505911,5,2,Bc,f,-,-,3757,30,0,
kal,819505932,4,1,Br,b,b,-,3727,220,360,
kal,819505976,4,4,f,-,-,-,3867,0,0,
kal,819506056,5,3,f,-,-,-,3867,0,0,
kal,819506073,5,2,Bf,-,-,-,3867,10,0,
kal,819506098,5,1,Bf,-,-,-,3857,5,0,
kal,819506113,5,5,f,-,-,-,3852,0,0,
kal,819506130,5,4,r,-,-,-,3852,35,50,
kal,819506148,5,3,f,-,-,-,3867,0,0,
kal,819506172,5,2,B,-,-,-,3867,10,15,
kal,819506182,5,1,Bc,kf,-,-,3872,10,0,
kal,819506217,5,5,f,-,-,-,3862,0,0,
kal,819506273,5,4,f,-,-,-,3862,0,0,
kal,819506316,5,3,f,-,-,-,3862,0,0,
kal,819506362,5,2,Bf,-,-,-,3862,10,0,
kal,819506390,5,1,Bc,kr,bc,kcA,3852,3852,3882,8s,Ts
kal,819506453,5,5,f,-,-,-,3882,0,0,
kal,819506495,4,3,f,-,-,-,3882,0,0,
kal,819506527,4,2,B,-,-,-,3882,10,15,
kal,819506540,4,1,Bc,kf,-,-,3887,10,0,
kal,819506600,4,4,f,-,-,-,3877,0,0,
kal,819506643,4,3,f,-,-,-,3877,0,0,
kal,819506648,4,2,Bk,k,k,b,3877,35,50,
kal,819506678,4,1,Bc,kc,kc,kf,3892,130,0,
kal,819506712,4,4,f,-,-,-,3762,0,0,
kal,819506723,4,3,r,b,-,-,3762,115,160,
kal,819506744,4,2,Bf,-,-,-,3807,10,0,
kal,819506803,4,1,Bf,-,-,-,3797,5,0,
kal,819506840,4,4,rc,r,-,-,3792,1010,1350,
kal,819506914,4,3,r,f,-,-,4132,35,0,
kal,819506953,4,2,Bf,-,-,-,4097,10,0,
kal,819506971,4,1,Bf,-,-,-,4087,5,0,
kal,819506979,4,4,f,-,-,-,4082,0,0,
kal,819506986,4,3,r,k,kf,-,4082,35,0,
kal,819507011,4,2,Bc,kc,k,b,4047,335,450,
kal,819507042,4,1,Bf,-,-,-,4162,5,0,
kal,819507054,4,4,c,c,c,c,4157,530,0,Js,Kd
kal,819507094,4,3,f,-,-,-,3627,0,0,
kal,819507117,4,2,Bk,r,b,k,3627,270,540,6c,Qd
kal,819507149,4,1,Bf,-,-,-,3897,5,0,
kal,819507157,4,4,r,b,k,c,3892,455,0,Ad,5s
kal,819507190,4,3,f,-,-,-,3437,0,0,
kal,819507214,4,2,B,-,-,-,3437,10,15,
kal,819507220,4,1,Bf,-,-,-,3442,5,0,
kal,819507247,4,4,f,-,-,-,3437,0,0,
kal,819507258,4,3,f,-,-,-,3437,0,0,
kal,819507265,4,2,B,-,-,-,3437,10,15,
kal,819507272,4,1,Br,b,b,kf,3442,400,0,
kal,819507351,4,4,f,-,-,-,3042,0,0,
kal,819507360,4,3,f,-,-,-,3042,0,0,
kal,819507396,4,2,Bf,-,-,-,3042,10,0,
kal,819507423,4,1,Bf,-,-,-,3032,5,0,
kal,819507453,4,4,c,k,b,-,3027,40,60,
kal,819507481,4,3,r,b,-,-,3047,115,160,
kal,819507500,4,2,Bk,kf,-,-,3092,10,0,
kal,819507522,4,1,Bf,-,-,-,3082,5,0,
kal,819507529,4,4,f,-,-,-,3077,0,0,
kal,819507546,4,3,f,-,-,-,3077,0,0,
kal,819507582,4,2,Bc,kQ,-,-,3077,35,0,
kal,819507757,3,2,r,-,-,-,3042,30,40,
kal,819507774,3,2,Bk,k,c,k,3052,30,0,6s,9h
kal,819507836,3,1,Bf,-,-,-,3022,5,0,
kal,819507852,3,3,r,-,-,-,3017,35,50,
kal,819507866,3,2,Bf,-,-,-,3032,10,0,
kal,819507902,3,1,Bf,-,-,-,3022,5,0,
kal,819507919,3,3,f,-,-,-,3017,0,0,
kal,819507922,3,2,B,-,-,-,3017,10,15,
kal,819507938,3,1,Bf,-,-,-,3022,5,0,
kal,819508038,3,3,f,-,-,-,3017,0,0,
kal,819508042,3,2,B,-,-,-,3017,10,15,
kal,819508052,3,1,Br,b,kf,-,3022,90,0,
kal,819508094,3,3,r,k,b,b,2932,455,630,
kal,819508150,3,2,B,-,-,-,3107,10,15,
kal,819508162,3,1,Bcc,kc,k,b,3112,270,360,
kal,819508196,3,3,f,-,-,-,3202,0,0,
kal,819508199,3,2,Bk,k,f,-,3202,10,0,
kal,819508246,3,1,Bf,-,-,-,3192,5,0,
kal,819508265,3,3,r,k,k,c,3187,110,0,As,7c
kal,819508301,3,2,Bc,f,-,-,3077,30,0,
kal,819508328,3,1,Bcc,kf,-,-,3047,40,0,
kal,819508362,3,3,Q,-,-,-,3007,0,0,
