geg,818025558,7,3,f,-,-,-,5573,0,0,
geg,818025606,7,2,Bk,kf,-,-,5573,10,0,
geg,818025641,7,1,Bc,kf,-,-,5563,10,0,
geg,818025713,7,7,f,-,-,-,5553,0,0,
geg,818025765,7,6,f,-,-,-,5553,0,0,
geg,818025799,7,5,c,kc,f,-,5553,60,0,
geg,818025870,7,4,c,f,-,-,5493,10,0,
geg,818025938,7,3,f,-,-,-,5483,0,0,
geg,818026018,7,2,Bk,bc,kc,kc,5483,510,0,9s,8c
geg,818026078,7,1,Bc,kc,k,b,4973,170,240,
geg,818026130,7,7,f,Q,-,-,5043,0,0,
geg,818199964,5,4,f,-,-,-,5533,0,0,
geg,818200008,5,3,f,-,-,-,5533,0,0,
geg,818200044,6,2,Bk,k,k,k,5533,10,15,6h,7h
geg,818200076,6,1,Bf,-,-,-,5538,5,0,
geg,818200091,6,6,c,c,k,b,5533,85,0,8d,Ah
geg,818200132,6,5,c,c,k,k,5448,60,150,Qd,Th
geg,818200213,6,4,f,-,-,-,5538,0,0,
geg,818200264,5,2,Bk,k,bc,krc,5538,3640,7290,Jd,Th
geg,818200369,5,1,Bc,k,k,k,9188,10,0,Ts,Jc
geg,818200430,5,5,f,-,-,-,9178,0,0,
geg,818200494,5,4,f,-,-,-,9178,0,0,
geg,818200613,4,2,B,-,-,-,9178,10,15,
geg,818200629,4,1,Bcc,kf,-,-,9183,140,0,
geg,818200652,5,5,f,-,-,-,9043,0,0,
geg,818200687,5,4,c,k,c,f,9043,40,0,
geg,818200769,4,2,cc,kc,kc,k,9003,270,590,Qd,9d
geg,818200811,4,2,Bk,kf,-,-,9323,10,0,
geg,818200843,4,1,Bf,-,-,-,9313,5,0,
geg,818200876,4,4,f,-,-,-,9308,0,0,
geg,818200921,4,3,c,k,k,k,9308,10,35,3h,Qh
geg,818200965,4,2,Bk,f,-,-,9333,10,0,
geg,818201004,4,1,Bf,-,-,-,9323,5,0,
geg,818201061,5,5,f,-,-,-,9318,0,0,
geg,818201097,5,4,f,-,-,-,9318,0,0,
geg,818201135,4,3,f,-,-,-,9318,0,0,
geg,818201150,4,2,Bf,-,-,-,9318,10,0,
geg,818201200,5,1,Bc,kf,-,-,9308,10,0,
geg,818201296,4,4,c,k,c,b,9298,130,180,
geg,818201340,3,2,Bf,-,-,-,9348,10,0,
geg,818201541,4,1,Br,kr,-,-,9338,520,720,
geg,818201637,3,3,f,-,-,-,9538,0,0,
geg,818201648,3,2,Bk,kf,-,-,9538,10,0,
geg,818201678,3,1,Bf,-,-,-,9528,5,0,
geg,818201687,3,3,f,-,-,-,9523,0,0,
geg,818201714,3,2,Bk,kf,-,-,9523,10,0,
geg,818201728,3,1,Bf,-,-,-,9513,5,0,
geg,818201771,3,3,c,c,k,b,9508,130,270,Kd,Ks
geg,818201808,3,2,Br,b,kc,k,9648,335,675,5h,5d
geg,818201863,3,1,Bf,-,-,-,9988,5,0,
geg,818201870,3,3,f,-,Q,-,9983,0,0,
geg,818830897,12,2,Bk,kf,-,-,9593,10,0,
geg,818830966,12,1,Bf,-,-,-,9583,5,0,
geg,818831031,12,12,c,k,c,f,9578,240,0,
geg,818831146,12,11,f,Q,-,-,9338,0,0,
geg,818831620,12,7,cc,kc,kr,-,9338,6735,11420,Td,Jd
geg,818831761,9,5,cc,f,-,-,14023,55,0,
geg,818831832,10,5,f,-,-,-,13968,0,0,
geg,818831882,10,4,f,-,-,-,13968,0,0,
geg,818831914,10,3,c,kf,-,-,13968,10,0,
geg,818832025,9,1,Bk,kf,-,-,13958,10,0,
geg,818832071,9,1,Bf,-,-,-,13948,5,0,
geg,818832103,9,9,f,-,-,-,13943,0,0,
geg,818832158,9,8,f,-,-,-,13943,0,0,
geg,818832217,9,7,f,-,-,-,13943,0,0,
geg,818832271,9,6,cc,f,-,-,13943,815,0,
geg,818832399,9,5,f,-,-,-,13128,0,0,
geg,818832471,9,4,f,-,-,-,13128,0,0,
geg,818832548,8,2,Bf,-,-,-,13128,10,0,
geg,818832604,8,1,Bf,-,-,-,13118,5,0,
geg,818832656,8,8,f,-,-,-,13113,0,0,
geg,818832710,9,8,f,-,-,-,13113,0,0,
geg,818832755,9,7,f,-,-,-,13113,0,0,
geg,818832888,9,6,f,Q,-,-,13113,0,0,
geg,818833505,8,3,f,-,-,-,13113,0,0,
geg,818833579,6,2,Bk,k,kf,-,13113,10,0,
geg,818833606,6,1,Bc,b,b,-,13103,210,300,
geg,818833645,6,6,f,-,-,-,13193,0,0,
geg,818833653,6,5,c,k,f,-,13193,35,0,
geg,818833710,6,4,c,k,kc,k,13158,60,150,Ks,6s
geg,818833759,6,3,f,-,-,-,13248,0,0,
geg,818833801,6,2,Bk,b,k,b,13248,190,270,
geg,818833844,6,1,Bc,k,k,k,13328,10,40,8d,Ks
geg,818833876,4,4,f,-,-,-,13358,0,0,
geg,818833891,4,3,f,-,-,-,13358,0,0,
geg,818833917,3,2,Bc,kf,-,-,13358,40,0,
geg,818833969,3,1,Bf,-,-,-,13318,5,0,
geg,818833991,3,3,f,-,-,-,13313,0,0,
geg,818834026,4,2,Bf,-,-,-,13313,10,0,
geg,818834121,4,1,Bf,-,-,-,13303,5,0,
geg,818834131,4,4,f,-,-,-,13298,0,0,
geg,818834163,4,3,f,-,-,-,13298,0,0,
geg,818834183,4,2,Bk,k,k,kc,13298,40,0,Tc,6h
geg,818834279,4,1,Bf,-,-,-,13258,5,0,
geg,818834309,4,4,c,k,k,f,13253,10,0,
geg,818834353,4,3,cc,kf,-,-,13243,45,0,
geg,818834373,4,2,Bf,-,-,-,13198,10,0,
geg,818834413,4,1,Bf,-,-,-,13188,5,0,
geg,818834445,4,4,f,-,-,-,13183,0,0,
geg,818834464,4,3,f,-,-,-,13183,0,0,
geg,818834491,4,2,Bk,k,k,k,13183,10,30,2h,2s
geg,818834535,4,1,Bf,-,-,-,13203,5,0,
geg,818834549,4,4,f,-,-,-,13198,0,0,
geg,818834611,4,3,f,-,-,-,13198,0,0,
geg,818834634,4,2,Bk,kc,k,k,13198,40,0,As,Jh
geg,818834658,3,1,Bf,-,-,-,13158,5,0,
geg,818834676,3,3,f,-,-,-,13153,0,0,
geg,818834700,3,2,Bk,kc,k,k,13153,40,90,5d,5c
geg,818834723,3,1,Bf,-,-,-,13203,5,0,
geg,818834739,3,3,c,f,-,-,13198,10,0,
geg,818834756,3,2,Bk,k,kf,-,13188,10,0,
geg,818834778,3,1,Bc,kf,-,-,13178,35,0,
geg,818834825,3,3,cc,c,k,k,13143,160,0,2s,Ks
geg,818834854,3,2,Bk,b,b,-,12983,130,180,
geg,818834881,3,1,Br,b,-,-,13033,90,120,
geg,818834900,3,3,f,-,-,-,13063,0,0,
geg,818834918,3,2,Bf,-,-,-,13063,10,0,
geg,818834929,3,1,Bc,k,k,kf,13053,35,0,
geg,818834958,3,3,f,-,-,-,13018,0,0,
geg,818834969,3,2,Bc,kc,k,b,13018,335,450,
geg,818834996,4,1,Bc,k,k,k,13133,10,20,Ac,3h
geg,818835014,3,3,cc,f,-,-,13143,40,0,
geg,818835050,3,2,Bk,k,k,b,13103,35,75,7h,8c
geg,818835074,2,1,Bcc,kc,k,kr,13143,810,1620,3h,3s
geg,818835116,2,2,Bk,k,k,b,13953,30,40,
geg,818835143,2,1,Bcc,k,k,k,13963,30,60,2c,2h
geg,818835160,2,2,Bk,k,k,k,13993,10,0,7c,6d
geg,818835228,2,1,Bcc,kc,k,b,13983,270,360,
geg,818835230,2,2,BQ,-,-,-,14073,10,0,
geg,819003883,7,2,Bk,kf,-,-,14063,10,0,
geg,819003948,8,1,Bf,-,-,-,14053,5,0,
geg,819004039,8,8,f,-,-,-,14048,0,0,
geg,819004084,8,7,f,-,-,-,14048,0,0,
geg,819004132,8,6,c,k,b,-,14048,60,100,
geg,819004183,8,5,f,-,-,-,14088,0,0,
geg,819004253,9,4,f,-,-,-,14088,0,0,
geg,819004297,8,3,f,-,-,-,14088,0,0,
geg,819004347,8,2,Bf,-,-,-,14088,10,0,
geg,819004388,8,1,Bc,kc,kc,kc,14078,3090,0,Kc,Qs
geg,819004544,9,9,f,-,-,-,10988,0,0,
geg,819004637,9,8,f,-,-,-,10988,0,0,
geg,819004779,10,8,c,f,-,-,10988,10,0,
geg,819004854,10,7,f,-,-,-,10978,0,0,
geg,819004906,10,6,c,k,k,b,10978,80,140,
geg,819005044,10,5,c,f,-,-,11038,10,0,
geg,819005103,10,4,f,-,-,-,11028,0,0,
geg,819005217,11,3,c,kc,k,b,11028,210,450,Ah,Tc
geg,819005291,11,2,Bk,k,b,k,11268,60,150,8d,As
geg,819005366,11,1,Bc,KQ,-,-,11358,10,0,
geg,819005536,11,10,c,k,c,c,11348,230,495,Ah,Js
geg,819005627,11,9,f,-,-,-,11613,0,0,
geg,819005743,12,9,f,-,-,-,11613,0,0,
geg,819005825,11,7,f,-,-,-,11613,0,0,
geg,819005913,12,7,f,-,-,-,11613,0,0,
geg,819005990,11,5,f,-,-,-,11613,0,0,
geg,819006043,11,4,f,-,-,-,11613,0,0,
geg,819006119,11,3,f,-,-,-,11613,0,0,
geg,819006213,10,2,Bf,-,-,-,11613,10,0,
geg,819006275,9,1,Bc,k,kf,-,11603,10,0,
geg,819006357,9,9,c,f,-,-,11593,10,0,
geg,819006414,9,8,f,-,-,-,11583,0,0,
geg,819006487,10,8,f,-,-,-,11583,0,0,
geg,819006559,10,7,f,-,-,-,11583,0,0,
geg,819006604,10,6,f,-,-,-,11583,0,0,
geg,819006676,9,4,f,-,-,-,11583,0,0,
geg,819006705,9,4,f,-,-,-,11583,0,0,
geg,819006914,9,3,f,-,-,-,11583,0,0,
geg,819006962,10,2,Bk,k,f,-,11583,10,0,
geg,819007016,10,1,Bc,k,b,-,11573,50,80,
geg,819007060,10,10,f,-,-,-,11603,0,0,
geg,819007134,10,9,c,f,-,-,11603,55,0,
geg,819007194,10,8,cc,kf,-,-,11548,85,0,
geg,819007264,10,7,c,k,k,k,11463,10,0,9c,Ad
geg,819007323,10,6,f,-,-,-,11453,0,0,
geg,819007368,10,5,f,-,-,-,11453,0,0,
geg,819007415,10,4,f,-,-,-,11453,0,0,
geg,819007504,10,3,f,-,-,-,11453,0,0,
geg,819007541,10,2,Bk,kf,-,-,11453,10,0,
geg,819007635,10,1,BQ,-,-,-,11443,5,0,
geg,820312191,6,6,f,-,-,-,11240,0,0,
geg,820312241,6,5,r,b,-,-,11240,150,210,
geg,820312276,6,4,f,-,-,-,11300,0,0,
geg,820312311,6,3,f,-,-,-,11300,0,0,
geg,820312372,6,2,Bk,kc,k,k,11300,50,0,Qh,Kd
geg,820312425,6,1,Bf,-,-,-,11250,5,0,
geg,820312446,6,6,f,-,-,-,11245,0,0,
geg,820312469,6,5,f,-,-,-,11245,0,0,
geg,820312509,6,4,c,k,k,rr,11245,1330,1800,
geg,820312568,6,3,c,kf,-,-,11715,10,0,
geg,820312627,6,2,Bk,k,kf,-,11705,10,0,
geg,820312672,6,1,Bc,kc,k,b,11695,130,180,
geg,820312720,6,6,f,-,-,-,11745,0,0,
geg,820312747,6,5,c,k,k,f,11745,10,0,
geg,820312811,6,4,f,-,-,-,11735,0,0,
geg,820312850,7,3,f,-,-,-,11735,0,0,
geg,820312898,7,2,Bk,kfQ,-,-,11735,10,0,
