PooBah,818122088,3,2,Bf,-,-,-,26627,10,0,
PooBah,818122101,3,1,Bc,k,k,k,26617,10,0,7h,Td
PooBah,818122146,4,4,r,-,-,-,26607,35,50,
PooBah,818122166,4,3,r,-,-,-,26622,35,50,
PooBah,818122177,4,2,Bc,kf,-,-,26637,35,0,
PooBah,818122200,4,1,Bf,-,-,-,26602,5,0,
PooBah,818122249,4,4,r,k,k,f,26597,35,0,
PooBah,818122300,4,3,f,-,-,-,26562,0,0,
PooBah,818122333,6,2,Bk,b,k,b,26562,90,0,4c,Kc
PooBah,818122381,6,1,Bc,kf,-,-,26472,10,0,
PooBah,818122422,6,6,f,-,-,-,26462,0,0,
PooBah,818122461,6,5,f,-,-,-,26462,0,0,
PooBah,818122483,6,4,f,-,-,-,26462,0,0,
PooBah,818122531,6,3,f,-,-,-,26462,0,0,
PooBah,818122553,7,2,Bk,k,k,k,26462,10,0,As,3s
PooBah,818122610,7,1,Br,bc,kf,-,26452,690,0,
PooBah,818122666,7,7,r,-,-,-,25762,35,50,
PooBah,818122686,7,6,c,c,k,f,25777,25,0,
PooBah,818122745,7,5,c,k,b,-,25752,40,60,
PooBah,818122785,9,6,r,brf,-,-,25772,2500,0,
PooBah,818122888,8,5,cf,-,-,-,23272,10,0,
PooBah,818122953,9,4,f,-,-,-,23262,0,0,
PooBah,818123028,8,3,f,-,-,-,23262,0,0,
PooBah,818123064,7,1,Bc,kf,-,-,23262,30,0,
PooBah,818123115,8,1,Bc,k,k,k,23232,10,30,3d,Ah
PooBah,818123183,8,8,f,-,-,-,23252,0,0,
PooBah,818123231,8,7,f,-,-,-,23252,0,0,
PooBah,818123305,8,6,cf,-,-,-,23252,10,0,
PooBah,818123345,8,5,f,-,-,-,23242,0,0,
PooBah,818123399,8,4,f,-,-,-,23242,0,0,
PooBah,818123429,8,3,f,-,-,-,23242,0,0,
PooBah,818123480,8,2,Bf,-,-,-,23242,10,0,
PooBah,818123527,8,1,Bc,k,kf,-,23232,35,0,
PooBah,818123570,8,8,c,f,-,-,23197,10,0,
PooBah,818123634,8,7,c,f,-,-,23187,10,0,
PooBah,818123671,8,6,cf,-,-,-,23177,10,0,
PooBah,818123726,9,6,f,-,-,-,23167,0,0,
PooBah,818123818,9,5,f,-,-,-,23167,0,0,
PooBah,818123856,9,4,f,-,-,-,23167,0,0,
PooBah,818123917,9,3,f,-,-,-,23167,0,0,
PooBah,818123945,9,2,Bc,kr,-,-,23167,540,800,
PooBah,818124025,9,1,Bf,-,-,-,23427,5,0,
PooBah,818124060,9,9,c,bf,-,-,23422,70,0,
PooBah,818124102,9,8,f,-,-,-,23352,0,0,
PooBah,818124128,9,7,f,-,-,-,23352,0,0,
PooBah,818124188,9,6,f,-,-,-,23352,0,0,
PooBah,818124245,9,5,cf,-,-,-,23352,10,0,
PooBah,818124274,10,5,c,k,f,-,23342,10,0,
PooBah,818124309,10,4,f,-,-,-,23332,0,0,
PooBah,818124362,10,3,f,-,-,-,23332,0,0,
PooBah,818124402,10,2,Bk,kf,-,-,23332,10,0,
PooBah,818124442,10,1,Bc,kf,-,-,23322,45,0,
PooBah,818124516,10,10,f,-,-,-,23277,0,0,
PooBah,818124644,10,9,c,f,-,-,23277,10,0,
PooBah,818124730,10,8,f,-,-,-,23267,0,0,
PooBah,818124801,10,7,f,-,-,-,23267,0,0,
PooBah,818124834,10,6,c,k,kf,-,23267,10,0,
PooBah,818124879,10,5,f,-,-,-,23257,0,0,
PooBah,818124911,10,4,cc,kf,-,-,23257,55,0,
PooBah,818124978,10,3,f,-,-,-,23202,0,0,
PooBah,818125017,10,2,Bk,kc,kr,k,23202,660,0,6h,3h
PooBah,818125099,11,1,Bc,kf,-,-,22542,10,0,
PooBah,818125197,11,11,f,-,-,-,22532,0,0,
PooBah,818125234,10,10,r,bf,-,-,22532,110,0,
PooBah,818125281,10,8,c,f,-,-,22422,10,0,
PooBah,818125345,10,7,f,-,-,-,22412,0,0,
PooBah,818125414,9,5,f,-,-,-,22412,0,0,
PooBah,818125459,9,4,c,k,k,k,22412,10,35,6h,9h
PooBah,818125530,9,3,c,kc,kc,b,22437,465,630,
PooBah,818125594,9,2,Bk,f,-,-,22602,10,0,
PooBah,818125628,10,1,Bf,-,-,-,22592,5,0,
PooBah,818125671,10,10,c,c,c,r,22587,1550,2100,
PooBah,818125801,10,9,f,-,-,-,23137,0,0,
PooBah,818125880,11,9,f,-,-,-,23137,0,0,
PooBah,818125918,11,8,c,c,kf,-,23137,75,0,
PooBah,818126034,11,7,f,-,-,-,23062,0,0,
PooBah,818126114,11,6,f,-,-,-,23062,0,0,
PooBah,818126186,11,5,c,f,-,-,23062,45,0,
PooBah,818126287,10,4,c,bc,k,k,23017,290,0,9s,Tc
PooBah,818126380,10,3,f,-,-,-,22727,0,0,
PooBah,818126422,9,2,Bk,kr,b,br,22727,14570,29160,8d,8h
PooBah,818126487,9,1,Bcc,kf,-,-,37317,60,0,
PooBah,818126547,9,9,c,c,k,f,37257,200,0,
PooBah,818126601,9,8,c,k,kf,-,37057,10,0,
PooBah,818126763,9,7,fQ,-,-,-,37047,0,0,
PooBah,818139958,7,7,f,-,-,-,37047,0,0,
PooBah,818140019,8,6,f,-,-,-,37047,0,0,
PooBah,818140073,8,5,c,k,k,k,37047,10,0,Ks,5s
PooBah,818140163,8,4,c,kf,-,-,37037,10,0,
PooBah,818140206,8,3,c,k,k,k,37027,10,40,6c,5s
PooBah,818140271,8,2,Bk,k,kf,-,37057,10,0,
PooBah,818140329,7,1,Bcf,-,-,-,37047,10,0,
PooBah,818140423,7,7,c,f,-,-,37037,10,0,
PooBah,818140474,7,6,f,-,-,-,37027,0,0,
PooBah,818140532,7,5,c,f,-,-,37027,10,0,
PooBah,818140600,7,4,f,-,-,-,37017,0,0,
PooBah,818140638,7,3,f,-,-,-,37017,0,0,
PooBah,818140702,8,2,Bk,k,k,k,37017,10,20,3s,7c
PooBah,818140766,8,1,Bf,-,-,-,37027,5,0,
PooBah,818140912,8,8,c,b,c,b,37022,945,0,9s,8s
PooBah,818141043,7,7,c,c,k,k,36077,180,580,Kd,Qc
PooBah,818141137,7,6,c,f,-,-,36477,35,0,
PooBah,818141181,7,5,cc,k,kf,-,36442,45,0,
PooBah,818141228,8,4,f,-,-,-,36397,0,0,
PooBah,818141296,8,3,f,-,-,-,36397,0,0,
PooBah,818141335,8,2,Bk,kf,-,-,36397,10,0,
PooBah,818141377,7,1,Bf,-,-,-,36387,5,0,
PooBah,818141411,7,7,r,b,-,-,36382,110,150,
PooBah,818141436,7,6,c,f,-,-,36422,10,0,
PooBah,818141480,7,5,c,kf,-,-,36412,10,0,
PooBah,818141540,7,4,f,-,-,-,36402,0,0,
PooBah,818141584,7,3,f,-,-,-,36402,0,0,
PooBah,818141633,8,2,Bk,f,-,-,36402,10,0,
PooBah,818141713,8,1,Bf,-,-,-,36392,5,0,
PooBah,818141778,7,7,c,f,-,-,36387,10,0,
PooBah,818141844,7,6,c,f,-,-,36377,10,0,
PooBah,818141918,7,5,c,b,-,-,36367,35,50,
PooBah,818141953,7,4,r,bf,-,-,36382,175,0,
PooBah,818142012,7,3,f,-,-,-,36207,0,0,
PooBah,818142071,7,2,Bf,-,-,-,36207,10,0,
PooBah,818142120,7,1,Bc,kf,-,-,36197,10,0,
PooBah,818142202,7,7,f,-,-,-,36187,0,0,
PooBah,818142239,7,6,f,-,-,-,36187,0,0,
PooBah,818142329,7,5,c,b,b,-,36187,170,240,
PooBah,818142378,7,4,f,-,-,-,36257,0,0,
PooBah,818142433,7,3,c,f,-,-,36257,10,0,
PooBah,818142464,7,2,Bf,-,-,-,36247,10,0,
PooBah,818142514,7,1,Bf,-,-,-,36237,5,0,
PooBah,818142607,8,8,c,c,k,c,36232,920,0,4d,3s
PooBah,818142679,8,7,f,-,-,-,35312,0,0,
PooBah,818142774,8,6,f,-,-,-,35312,0,0,
PooBah,818142888,8,5,f,-,-,-,35312,0,0,
PooBah,818142944,8,4,f,-,-,-,35312,0,0,
PooBah,818143017,8,3,c,k,kf,-,35312,10,0,
PooBah,818143079,8,2,Bk,k,k,f,35302,10,0,
PooBah,818143179,9,1,Bf,-,-,-,35292,5,0,
PooBah,818143242,9,9,f,-,-,-,35287,0,0,
PooBah,818143379,9,8,f,-,-,-,35287,0,0,
PooBah,818143441,9,7,f,-,-,-,35287,0,0,
PooBah,818143509,9,6,f,-,-,-,35287,0,0,
PooBah,818143534,9,5,f,-,-,-,35287,0,0,
PooBah,818143608,9,4,f,-,-,-,35287,0,0,
PooBah,818143659,10,3,cc,kf,-,-,35287,55,0,
PooBah,818143728,10,2,Bk,k,k,kf,35232,10,0,
PooBah,818143797,10,1,Bc,br,b,-,35222,2160,3000,
PooBah,818143918,10,10,c,r,k,k,36062,170,0,Td,Ah
PooBah,818143987,10,9,c,b,k,b,35892,1645,2370,
PooBah,818144126,10,8,f,-,-,-,36617,0,0,
PooBah,818144208,10,7,f,-,-,-,36617,0,0,
PooBah,818144283,10,6,f,-,-,-,36617,0,0,
PooBah,818144357,10,5,f,-,-,-,36617,0,0,
PooBah,818144427,9,4,r,k,f,-,36617,35,0,
PooBah,818144484,8,2,Bk,f,-,-,36582,10,0,
PooBah,818144530,9,1,Bc,kf,-,-,36572,10,0,
PooBah,818144608,9,9,f,-,-,-,36562,0,0,
PooBah,818144653,9,8,f,-,-,-,36562,0,0,
PooBah,818144746,8,6,f,-,-,-,36562,0,0,
PooBah,818144761,8,5,f,-,-,-,36562,0,0,
PooBah,818144794,8,4,f,-,-,-,36562,0,0,
PooBah,818144856,8,3,f,-,-,-,36562,0,0,
PooBah,818144922,9,2,Bc,kc,k,k,36562,265,620,8h,7c
PooBah,818144993,9,1,Bc,kf,-,-,36917,10,0,
PooBah,818145103,9,9,f,-,-,-,36907,0,0,
PooBah,818145168,10,9,c,f,-,-,36907,10,0,
PooBah,818145260,11,10,c,f,-,-,36897,10,0,
PooBah,818145318,9,7,f,-,-,-,36887,0,0,
PooBah,818145345,10,6,f,-,-,-,36887,0,0,
PooBah,818145411,10,5,cf,-,-,-,36887,10,0,
PooBah,818145483,9,4,f,-,-,-,36877,0,0,
PooBah,818145529,9,3,f,-,-,-,36877,0,0,
PooBah,818145619,9,2,Bk,kc,kc,kf,36877,235,0,
PooBah,818145737,9,1,Bc,kf,-,-,36642,10,0,
PooBah,818145862,9,9,f,-,-,-,36632,0,0,
PooBah,818145934,9,8,f,-,-,-,36632,0,0,
PooBah,818146013,9,7,f,-,-,-,36632,0,0,
PooBah,818146074,9,6,f,-,-,-,36632,0,0,
PooBah,818146157,7,3,f,-,-,-,36632,0,0,
PooBah,818146197,7,3,f,-,-,-,36632,0,0,
PooBah,818146229,7,2,Bf,-,-,-,36632,10,0,
PooBah,818146312,7,1,Bc,kf,-,-,36622,10,0,
PooBah,818146397,7,7,c,k,k,k,36612,10,55,3d,5c
PooBah,818146448,7,6,f,-,-,-,36657,0,0,
PooBah,818146493,7,5,c,k,k,k,36657,10,11,8s,Ts
PooBah,818146540,6,4,f,-,-,-,36658,0,0,
PooBah,818146583,7,4,f,-,-,-,36658,0,0,
PooBah,818146654,7,3,c,k,kf,-,36658,10,0,
PooBah,818146743,7,2,Bf,-,-,-,36648,10,0,
PooBah,818146806,7,1,Bf,-,-,-,36638,5,0,
PooBah,818146863,8,8,c,k,f,-,36633,10,0,
PooBah,818146947,8,7,f,-,-,-,36623,0,0,
PooBah,818147025,8,6,f,-,-,-,36623,0,0,
PooBah,818147081,8,5,f,-,-,Q,36623,0,0,
PooBah,818147418,9,9,f,-,-,-,36623,0,0,
PooBah,818147476,9,8,c,f,-,-,36623,10,0,
PooBah,818147574,9,7,r,c,r,-,36613,970,1575,
PooBah,818147700,9,6,c,cf,-,-,37218,30,0,
PooBah,818147804,9,5,c,kf,-,-,37188,10,0,
PooBah,818147887,9,4,f,-,-,-,37178,0,0,
PooBah,818147967,9,3,r,kf,-,-,37178,35,0,
PooBah,818148056,9,2,Br,bf,-,-,37143,260,0,
PooBah,818148190,9,1,Bc,kc,kf,-,36883,70,0,
PooBah,818148264,8,8,f,-,-,-,36813,0,0,
PooBah,818148292,8,7,f,-,-,-,36813,0,0,
PooBah,818148356,9,6,c,kc,kf,-,36813,50,0,
PooBah,818148481,10,5,r,b,kf,-,36763,160,0,
PooBah,818148561,9,3,c,kf,-,-,36603,10,0,
PooBah,818148621,9,2,Bk,k,c,kf,36593,40,0,
PooBah,818148677,9,1,Bc,kf,-,-,36553,45,0,
PooBah,818148742,9,9,c,c,c,c,36508,1130,0,3d,7d
PooBah,818148860,9,8,r,b,bc,c,35378,9755,0,Ah,Ac
PooBah,818148968,9,7,f,-,-,-,25623,0,0,
PooBah,818149027,9,6,cf,-,-,-,25623,10,0,
PooBah,818149113,9,5,f,-,-,-,25613,0,0,
PooBah,818149197,9,4,f,-,-,-,25613,0,0,
PooBah,818149233,9,3,f,-,-,-,25613,0,0,
PooBah,818149346,9,2,Bk,k,kf,-,25613,10,0,
PooBah,818149405,9,1,Bc,kc,k,k,25603,130,0,6d,8s
PooBah,818149472,9,9,c,f,-,-,25473,10,0,
PooBah,818149521,9,8,f,-,-,-,25463,0,0,
PooBah,818149617,9,7,c,k,f,-,25463,10,0,
PooBah,818149706,9,6,c,f,-,-,25453,45,0,
PooBah,818149764,9,5,f,-,-,-,25408,0,0,
PooBah,818149830,9,4,r,b,b,b,25408,725,1115,
PooBah,818149931,9,3,f,-,-,-,25798,0,0,
PooBah,818149980,9,2,Bk,kf,-,-,25798,10,0,
PooBah,818150020,9,1,Bf,-,-,-,25788,5,0,
PooBah,818150073,8,8,f,-,-,-,25783,0,0,
PooBah,818150114,8,7,c,k,k,k,25783,10,60,Ah,4d
PooBah,818150179,8,6,c,k,k,k,25833,10,35,4h,5d
PooBah,818150224,8,5,f,-,-,-,25858,0,0,
PooBah,818150256,8,4,f,-,-,-,25858,0,0,
PooBah,818150297,8,3,c,f,-,-,25858,10,0,
PooBah,818150336,8,2,Bk,f,-,-,25848,10,0,
PooBah,818150397,8,1,Bf,-,-,-,25838,5,0,
PooBah,818150474,8,8,r,k,f,-,25833,55,0,
PooBah,818150582,8,7,c,rc,k,k,25778,3760,0,5d,6h
PooBah,818150721,8,6,c,c,f,-,22018,55,0,
PooBah,818150791,9,6,c,k,f,-,21963,10,0,
PooBah,818150855,9,5,cc,kf,-,-,21953,30,0,
PooBah,818150954,9,4,f,-,-,-,21923,0,0,
PooBah,818150986,9,3,f,-,-,-,21923,0,0,
PooBah,818151057,9,2,Bc,kr,k,k,21923,955,0,3d,3c
PooBah,818151130,9,1,Bc,kcc,kf,-,20968,690,0,
PooBah,818151215,9,9,f,-,-,-,20278,0,0,
PooBah,818151269,9,8,c,f,-,-,20278,45,0,
PooBah,818151361,9,7,f,-,-,-,20233,0,0,
PooBah,818151424,9,6,c,kc,k,c,20233,210,240,Kc,5c
PooBah,818151502,9,5,fQ,-,-,-,20263,0,0,
