zzzzzz,818746700,9,3,f,-,-,-,3209,0,0,
zzzzzz,818746731,9,2,Bk,kf,-,-,3209,10,0,
zzzzzz,818746809,10,1,Bf,-,-,-,3199,5,0,
zzzzzz,818746839,10,10,f,-,-,-,3194,0,0,
zzzzzz,818746910,11,10,f,-,-,-,3194,0,0,
zzzzzz,818746978,11,9,c,k,k,k,3194,10,0,2s,2c
zzzzzz,818747042,11,8,f,-,-,-,3184,0,0,
zzzzzz,818747140,11,7,f,-,-,-,3184,0,0,
zzzzzz,818747204,11,6,f,-,-,-,3184,0,0,
zzzzzz,818747273,12,5,f,-,-,-,3184,0,0,
zzzzzz,818747331,11,4,f,-,-,-,3184,0,0,
zzzzzz,818747381,11,3,f,-,-,-,3184,0,0,
zzzzzz,818747443,11,2,Bf,-,-,-,3184,10,0,
zzzzzz,818747517,11,1,Bc,k,kf,-,3174,65,0,
zzzzzz,818747598,11,11,c,b,k,k,3109,60,0,Jc,9h
zzzzzz,818747656,11,10,f,-,-,-,3049,0,0,
zzzzzz,818747706,11,9,f,-,-,-,3049,0,0,
zzzzzz,818747759,11,8,f,-,-,-,3049,0,0,
zzzzzz,818747846,11,7,f,-,-,-,3049,0,0,
zzzzzz,818747926,10,5,f,-,-,-,3049,0,0,
zzzzzz,818748005,10,4,f,-,-,-,3049,0,0,
zzzzzz,818748061,10,3,f,-,-,-,3049,0,0,
zzzzzz,818748133,10,2,Bk,b,b,k,3049,250,540,Jd,Jc
zzzzzz,818748210,9,1,Bf,-,-,-,3339,5,0,
zzzzzz,818748296,9,9,c,k,k,k,3334,10,0,Tc,Jc
zzzzzz,818748381,8,7,f,-,-,-,3324,0,0,
zzzzzz,818748412,6,4,f,-,-,-,3324,0,0,
zzzzzz,818748456,6,3,f,-,-,-,3324,0,0,
zzzzzz,818748484,6,2,Bk,bf,-,-,3324,50,0,
zzzzzz,818748576,6,1,Bc,k,kf,-,3274,10,0,
zzzzzz,818748632,6,6,f,-,-,-,3264,0,0,
zzzzzz,818748679,5,4,f,-,-,-,3264,0,0,
zzzzzz,818748701,5,4,f,-,-,-,3264,0,0,
zzzzzz,818748748,4,3,c,b,f,-,3264,40,0,
zzzzzz,818748789,4,2,Bk,k,b,-,3224,40,60,
zzzzzz,818748815,4,1,Bc,kf,-,-,3244,35,0,
zzzzzz,818748840,4,4,c,k,k,k,3209,10,0,9d,Td
zzzzzz,818748873,4,3,f,-,-,-,3199,0,0,
zzzzzz,818748911,4,2,Bk,bf,-,-,3199,40,0,
zzzzzz,818748936,4,1,Bc,k,krf,-,3159,130,0,
zzzzzz,818748993,3,3,f,-,-,-,3029,0,0,
zzzzzz,818749111,4,2,Bk,k,k,kf,3029,10,0,
zzzzzz,818749150,4,1,Bf,-,-,-,3019,5,0,
zzzzzz,818749178,4,4,f,-,-,-,3014,0,0,
zzzzzz,818749219,3,2,Bf,-,-,-,3014,10,0,
zzzzzz,818749236,3,1,Bc,k,kf,-,3004,35,0,
zzzzzz,818749263,3,3,r,-,-,-,2969,35,50,
zzzzzz,818749277,3,2,Bf,-,-,-,2984,10,0,
zzzzzz,818749304,3,1,Bc,b,kc,kf,2974,90,0,
zzzzzz,818749354,3,3,f,-,-,-,2884,0,0,
zzzzzz,818749367,3,2,BfQ,-,-,-,2884,10,0,
zzzzzz,819058063,6,5,f,-,-,-,3846,0,0,
zzzzzz,819058144,6,4,c,b,-,-,3846,45,70,
zzzzzz,819058195,6,3,f,-,-,-,3871,0,0,
zzzzzz,819058228,6,2,Bf,-,-,-,3871,10,0,
zzzzzz,819058262,6,1,Bf,-,-,-,3861,5,0,
zzzzzz,819058276,6,6,f,-,-,-,3856,0,0,
zzzzzz,819058310,5,4,f,-,-,-,3856,0,0,
zzzzzz,819058344,5,4,f,-,-,-,3856,0,0,
zzzzzz,819058490,4,2,f,-,-,-,3856,0,0,
zzzzzz,819058518,4,2,Bk,k,b,-,3856,30,40,
zzzzzz,819058577,4,1,Bf,-,-,-,3866,5,0,
zzzzzz,819058596,5,5,f,-,-,-,3861,0,0,
zzzzzz,819058658,6,5,f,-,-,-,3861,0,0,
zzzzzz,819058712,6,4,f,-,-,-,3861,0,0,
zzzzzz,819058755,6,3,f,-,-,-,3861,0,0,
zzzzzz,819058818,6,2,Bk,kf,-,-,3861,10,0,
zzzzzz,819058849,6,1,Bf,-,-,-,3851,5,0,
zzzzzz,819058876,6,6,f,-,-,-,3846,0,0,
zzzzzz,819058958,6,5,f,-,-,-,3846,0,0,
zzzzzz,819058984,6,4,r,b,-,-,3846,110,150,
zzzzzz,819059010,6,3,f,-,-,-,3886,0,0,
zzzzzz,819059064,6,2,Bf,-,-,-,3886,10,0,
zzzzzz,819059078,6,1,Bf,-,-,-,3876,5,0,
zzzzzz,819059102,6,6,f,-,-,-,3871,0,0,
zzzzzz,819059148,6,5,f,-,-,-,3871,0,0,
zzzzzz,819059176,6,4,f,-,-,-,3871,0,0,
zzzzzz,819059200,6,3,f,-,-,-,3871,0,0,
zzzzzz,819059259,6,2,Bk,kf,-,-,3871,10,0,
zzzzzz,819059297,6,1,Bf,-,-,-,3861,5,0,
zzzzzz,819059306,6,6,r,-,-,-,3856,45,70,
zzzzzz,819059326,6,5,f,-,-,-,3881,0,0,
zzzzzz,819059358,6,4,f,-,-,-,3881,0,0,
zzzzzz,819059390,5,2,Bk,k,b,-,3881,35,50,
zzzzzz,819059414,4,1,Bf,-,-,-,3896,5,0,
zzzzzz,819059423,4,4,f,-,-,-,3891,0,0,
zzzzzz,819059455,4,3,r,b,-,-,3891,110,150,
zzzzzz,819059478,4,2,Bk,c,c,b,3931,270,360,
zzzzzz,819059526,4,1,Bf,-,-,-,4021,5,0,
zzzzzz,819059562,4,4,f,-,-,-,4016,0,0,
zzzzzz,819059589,5,4,f,-,-,-,4016,0,0,
zzzzzz,819059642,6,3,f,-,-,-,4016,0,0,
zzzzzz,819059687,5,2,Bc,f,-,-,4016,40,0,
zzzzzz,819059762,6,1,Bf,-,-,-,3976,5,0,
zzzzzz,819059815,6,6,f,-,-,-,3971,0,0,
zzzzzz,819059836,6,5,f,-,-,-,3971,0,0,
zzzzzz,819059849,6,4,f,-,-,-,3971,0,0,
zzzzzz,819059890,6,3,f,-,-,-,3971,0,0,
zzzzzz,819059913,6,2,Bf,-,-,-,3971,10,0,
zzzzzz,819059942,6,1,Bf,-,-,-,3961,5,0,
zzzzzz,819059980,6,6,rc,f,-,-,3956,115,0,
zzzzzz,819060013,5,4,f,-,-,-,3841,0,0,
zzzzzz,819060079,5,3,c,f,-,-,3841,10,0,
zzzzzz,819060131,5,2,Bk,f,-,-,3831,10,0,
zzzzzz,819060194,5,1,Bf,-,-,-,3821,5,0,
zzzzzz,819060227,5,5,r,k,f,-,3816,35,0,
zzzzzz,819060253,5,4,f,-,-,-,3781,0,0,
zzzzzz,819060281,5,3,f,-,-,-,3781,0,0,
zzzzzz,819060288,5,2,Bk,k,b,-,3781,40,60,
zzzzzz,819060321,4,1,Bf,-,-,-,3801,5,0,
zzzzzz,819060375,4,4,f,-,-,-,3796,0,0,
zzzzzz,819060398,3,3,Q,-,-,-,3796,0,0,
zzzzzz,820314951,5,3,r,b,-,-,3001,145,220,
zzzzzz,820314986,5,2,Bc,kc,k,b,3076,335,675,Kd,Td
zzzzzz,820315019,5,1,Bf,-,-,-,3416,5,0,
zzzzzz,820315040,5,5,f,-,-,-,3411,0,0,
zzzzzz,820315073,5,4,c,b,-,-,3411,40,60,
zzzzzz,820315104,5,3,c,f,-,-,3431,10,0,
zzzzzz,820315130,5,2,Bc,r,-,-,3421,520,720,
zzzzzz,820315160,5,1,Bf,-,-,-,3621,5,0,
zzzzzz,820315177,5,5,c,k,k,f,3616,35,0,
zzzzzz,820315208,5,4,f,-,-,-,3581,0,0,
zzzzzz,820315236,5,3,f,-,-,-,3581,0,0,
zzzzzz,820315277,5,2,Bk,f,-,-,3581,10,0,
zzzzzz,820315295,5,1,Bc,k,bf,-,3571,50,0,
zzzzzz,820315329,5,5,f,-,-,-,3521,0,0,
zzzzzz,820315352,5,4,cc,r,k,k,3521,400,0,9h,Jh
zzzzzz,820315390,5,3,f,-,-,-,3121,0,0,
zzzzzz,820315419,5,2,Bk,f,-,-,3121,10,0,
zzzzzz,820315441,5,1,Bf,-,-,-,3111,5,0,
zzzzzz,820315459,5,5,c,f,-,-,3106,35,0,
zzzzzz,820315478,5,4,f,-,-,-,3071,0,0,
zzzzzz,820315502,5,3,f,-,-,-,3071,0,0,
zzzzzz,820315511,5,2,Bf,-,-,-,3071,10,0,
zzzzzz,820315524,5,1,Bf,-,-,-,3061,5,0,
zzzzzz,820315534,5,5,r,-,-,-,3056,35,50,
zzzzzz,820315544,5,4,f,-,-,-,3071,0,0,
zzzzzz,820315564,5,3,f,-,-,-,3071,0,0,
zzzzzz,820315573,5,2,Bc,kf,-,-,3071,45,0,
zzzzzz,820315606,5,1,Bf,-,-,-,3026,5,0,
zzzzzz,820315617,5,5,f,-,-,-,3021,0,0,
zzzzzz,820315635,5,4,f,-,-,-,3021,0,0,
zzzzzz,820315653,5,3,rf,-,-,-,3021,35,0,
zzzzzz,820315674,5,2,Bk,r,b,b,2986,810,1080,
zzzzzz,820315710,5,1,Bf,-,-,-,3256,5,0,
zzzzzz,820315722,5,5,r,bc,k,k,3251,335,675,Jc,Ad
zzzzzz,820315759,5,4,f,-,-,-,3591,0,0,
zzzzzz,820315771,5,3,f,-,-,-,3591,0,0,
zzzzzz,820315801,5,2,Bk,k,b,-,3591,40,60,
zzzzzz,820315839,5,1,Bf,-,-,-,3611,5,0,
zzzzzz,820315861,5,5,f,-,-,-,3606,0,0,
zzzzzz,820315875,5,4,f,-,-,-,3606,0,0,
zzzzzz,820315894,5,3,c,b,b,-,3606,235,360,
zzzzzz,820315931,5,2,Bk,c,k,b,3731,130,270,Kc,Ts
zzzzzz,820315968,5,1,Bc,k,b,kf,3871,115,0,
zzzzzz,820316005,5,5,f,-,-,-,3756,0,0,
zzzzzz,820316017,5,4,f,-,-,-,3756,0,0,
zzzzzz,820316069,5,3,f,-,-,-,3756,0,0,
zzzzzz,820316094,5,2,Bk,k,b,k,3756,40,0,6s,Jd
zzzzzz,820316126,5,1,Bc,k,b,kc,3716,355,0,Ts,Tc
zzzzzz,820316162,5,5,r,r,-,-,3361,465,630,
zzzzzz,820316191,5,4,f,-,-,-,3526,0,0,
zzzzzz,820316214,5,3,f,-,-,-,3526,0,0,
zzzzzz,820316227,5,2,Bk,k,f,-,3526,10,0,
zzzzzz,820316247,5,1,Bf,-,-,-,3516,5,0,
zzzzzz,820316280,5,5,r,b,-,-,3511,150,210,
zzzzzz,820316297,5,4,f,-,-,-,3571,0,0,
zzzzzz,820316305,5,3,f,-,-,-,3571,0,0,
zzzzzz,820316312,5,2,Bk,kf,-,-,3571,10,0,
zzzzzz,820316350,5,1,Bf,-,-,-,3561,5,0,
zzzzzz,820316368,5,5,f,-,-,-,3556,0,0,
zzzzzz,820316400,5,4,f,-,-,-,3556,0,0,
zzzzzz,820316426,5,3,f,-,-,-,3556,0,0,
zzzzzz,820316453,5,2,Bf,-,-,-,3556,10,0,
zzzzzz,820316481,5,1,Bf,-,-,-,3546,5,0,
zzzzzz,820316495,5,5,r,b,b,k,3541,355,720,8d,8c
zzzzzz,820316538,5,4,f,-,-,-,3906,0,0,
zzzzzz,820316583,5,3,f,-,-,-,3906,0,0,
zzzzzz,820316614,5,2,Bf,-,-,-,3906,10,0,
zzzzzz,820316629,5,1,Bc,kf,-,-,3896,10,0,
zzzzzz,820316651,5,5,f,-,-,-,3886,0,0,
zzzzzz,820316683,5,4,f,-,-,-,3886,0,0,
zzzzzz,820316712,5,3,c,b,k,b,3886,150,210,
zzzzzz,820316759,5,2,Bk,kf,-,-,3946,10,0,
zzzzzz,820316787,5,1,Bf,-,-,-,3936,5,0,
zzzzzz,820316812,5,5,f,-,-,-,3931,0,0,
zzzzzz,820316822,5,4,f,-,-,-,3931,0,0,
zzzzzz,820316857,5,3,f,-,-,-,3931,0,0,
zzzzzz,820316892,5,2,Bc,f,-,-,3931,40,0,
zzzzzz,820316920,5,1,Bf,-,-,-,3891,5,0,
zzzzzz,820316932,5,5,f,-,-,-,3886,0,0,
zzzzzz,820316941,5,4,r,b,-,-,3886,120,170,
zzzzzz,820316958,5,3,f,-,-,-,3936,0,0,
zzzzzz,820316964,5,2,Bk,kf,-,-,3936,10,0,
zzzzzz,820316981,5,1,Bf,-,-,-,3926,5,0,
zzzzzz,820317010,5,5,f,-,-,-,3921,0,0,
zzzzzz,820317104,5,4,f,-,-,-,3921,0,0,
zzzzzz,820317128,5,3,f,-,-,-,3921,0,0,
zzzzzz,820317155,5,2,Bc,f,-,-,3921,30,0,
zzzzzz,820317173,5,1,Bc,k,k,k,3891,10,0,9h,Jc
zzzzzz,820317217,5,5,f,-,-,-,3881,0,0,
zzzzzz,820317255,5,4,f,-,-,-,3881,0,0,
zzzzzz,820317273,5,3,f,-,-,-,3881,0,0,
zzzzzz,820317299,5,2,Bk,k,k,k,3881,10,0,5s,3s
zzzzzz,820317331,5,1,Bf,-,-,-,3871,5,0,
zzzzzz,820317343,5,5,f,-,-,-,3866,0,0,
zzzzzz,820317424,5,4,c,f,-,-,3866,10,0,
zzzzzz,820317455,5,3,f,-,-,-,3856,0,0,
zzzzzz,820317471,5,2,Bf,-,-,-,3856,10,0,
zzzzzz,820317489,5,1,Bf,-,-,-,3846,5,0,
zzzzzz,820317508,5,5,r,b,-,-,3841,150,210,
zzzzzz,820317528,5,4,f,-,-,-,3901,0,0,
zzzzzz,820317548,5,3,f,-,-,-,3901,0,0,
zzzzzz,820317575,5,2,Bk,kf,-,-,3901,10,0,
zzzzzz,820317603,5,1,Bf,-,-,-,3891,5,0,
zzzzzz,820317647,5,5,f,-,-,-,3886,0,0,
zzzzzz,820317676,5,4,f,-,-,-,3886,0,0,
zzzzzz,820317727,5,3,f,-,-,-,3886,0,0,
zzzzzz,820317748,5,2,Bk,f,-,-,3886,10,0,
zzzzzz,820317781,5,1,Bc,bf,-,-,3876,40,0,
zzzzzz,820317805,5,5,cc,f,-,-,3836,145,0,
zzzzzz,820317840,5,4,f,-,-,-,3691,0,0,
zzzzzz,820317875,5,3,f,-,-,-,3691,0,0,
zzzzzz,820317905,5,2,Br,r,-,-,3691,810,1080,
zzzzzz,820317932,5,1,Bf,-,-,-,3961,5,0,
zzzzzz,820317971,6,6,f,-,-,-,3956,0,0,
zzzzzz,820317993,6,5,f,-,-,-,3956,0,0,
zzzzzz,820318066,6,4,r,b,-,-,3956,115,160,
zzzzzz,820318094,6,3,f,-,-,-,4001,0,0,
zzzzzz,820318109,6,2,BQ,-,-,-,4001,10,0,
