bwana,817884830,6,6,f,-,-,-,9124,0,0,
bwana,817884898,7,5,r,k,k,k,9124,35,0,Kc,Jc
bwana,817884940,7,4,f,-,-,-,9089,0,0,
bwana,817885022,7,3,f,-,-,-,9089,0,0,
bwana,817885047,7,2,Bk,k,f,-,9089,10,0,
bwana,817885134,9,1,Bc,k,kf,-,9079,10,0,
bwana,817885189,9,9,c,f,-,-,9069,35,0,
bwana,817885246,9,8,f,-,-,-,9034,0,0,
bwana,817885288,9,7,c,c,b,-,9034,360,560,
bwana,817885343,9,6,r,bc,c,-,9234,3213,6596,Qh,Qs
bwana,817885396,8,4,f,-,-,-,12617,0,0,
bwana,817885543,8,3,f,-,-,-,12617,0,0,
bwana,817885676,8,1,Bk,kf,-,-,12617,10,0,
bwana,817885733,9,1,Bf,-,-,-,12607,5,0,
bwana,817885788,9,9,f,-,-,-,12602,0,0,
bwana,817885875,9,8,c,kf,-,-,12602,10,0,
bwana,817885926,10,8,f,-,-,-,12592,0,0,
bwana,817886034,10,7,f,-,-,-,12592,0,0,
bwana,817886100,10,6,f,-,-,-,12592,0,0,
bwana,817886144,10,5,f,-,-,-,12592,0,0,
bwana,817886172,10,4,fQ,-,-,-,12592,0,0,
bwana,819870871,6,3,f,-,-,-,12582,0,0,
bwana,819870911,6,2,Bk,k,k,k,12582,10,0,2c,3c
bwana,819870950,5,1,Bc,k,kc,kf,12572,40,0,
bwana,819871001,5,5,c,k,f,-,12532,10,0,
bwana,819871035,5,4,f,-,-,-,12522,0,0,
bwana,819871071,5,3,f,-,-,-,12522,0,0,
bwana,819871105,5,2,Bk,kf,-,-,12522,10,0,
bwana,819871141,5,1,Bf,-,-,-,12512,5,0,
bwana,819871173,5,5,f,-,-,-,12507,0,0,
bwana,819871202,5,4,f,-,-,-,12507,0,0,
bwana,819871232,5,3,c,f,-,-,12507,10,0,
bwana,819871287,5,2,Bk,kf,-,-,12497,10,0,
bwana,819871325,5,1,Bf,-,-,-,12487,5,0,
bwana,819871366,5,5,c,c,bc,c,12482,1410,0,Ad,5d
bwana,819871411,4,4,r,-,-,-,11072,35,50,
bwana,819871427,4,3,f,-,-,-,11087,0,0,
bwana,819871445,4,2,Bc,kf,-,-,11087,35,0,
bwana,819871474,4,1,Bc,kf,-,-,11052,35,0,
bwana,819871495,4,4,f,-,-,-,11017,0,0,
bwana,819871501,4,3,cc,kf,-,-,11017,45,0,
bwana,819871522,4,2,Bf,-,-,-,10972,10,0,
bwana,819871532,4,1,Bc,k,k,k,10962,10,20,Kh,Tc
bwana,819871557,4,4,c,b,-,-,10972,45,70,
bwana,819871576,4,3,f,-,-,-,10997,0,0,
bwana,819871586,4,2,Bk,b,-,-,10997,30,40,
bwana,819871605,4,1,Bc,k,k,k,11007,10,20,Ks,7s
bwana,819871627,4,4,c,k,f,-,11017,10,0,
bwana,819871651,4,3,f,-,-,-,11007,0,0,
bwana,819871657,4,2,Bf,-,-,-,11007,10,0,
bwana,819871678,4,1,Bf,-,-,-,10997,5,0,
bwana,819871682,4,4,r,b,k,b,10992,355,480,
bwana,819871708,4,3,f,-,-,-,11117,0,0,
bwana,819871722,4,2,Bf,-,-,-,11117,10,0,
bwana,819871729,4,1,Bc,kf,-,-,11107,35,0,
bwana,819871767,5,4,c,bc,k,k,11072,170,360,Qd,Kd
bwana,819871821,5,3,f,-,-,-,11262,0,0,
bwana,819871861,5,2,Bk,kf,-,-,11262,10,0,
bwana,819871886,6,1,Bf,-,-,-,11252,5,0,
bwana,819871916,6,6,f,-,-,-,11247,0,0,
bwana,819871938,6,5,rc,f,-,-,11247,190,0,
bwana,819871972,6,4,cc,f,-,-,11057,45,0,
bwana,819872006,7,3,cc,b,-,-,11012,175,270,
bwana,819872033,7,2,Bc,b,k,kf,11107,280,0,
bwana,819872098,7,1,Bf,-,-,-,10827,5,0,
bwana,819872126,7,7,f,-,-,-,10822,0,0,
bwana,819872166,7,6,c,f,-,-,10822,10,0,
bwana,819872207,7,5,c,f,-,-,10812,10,0,
bwana,819872240,7,4,cc,k,k,k,10802,55,285,As,8s
bwana,819872343,7,3,f,-,-,-,11032,0,0,
bwana,819872412,7,2,Bk,k,k,k,11032,10,0,Jh,8c
bwana,819872449,7,1,Bc,kf,-,-,11022,10,0,
bwana,819872476,7,7,f,-,-,-,11012,0,0,
bwana,819872500,7,6,f,-,-,-,11012,0,0,
bwana,819872549,7,5,f,-,-,-,11012,0,0,
bwana,819872597,7,4,f,-,-,-,11012,0,0,
bwana,819872635,7,3,f,-,-,-,11012,0,0,
bwana,819872669,7,2,Bk,k,k,k,11012,10,0,Kc,4h
bwana,819872737,7,1,Bc,k,b,-,11002,60,100,
bwana,819872777,7,7,f,-,-,-,11042,0,0,
bwana,819872801,7,6,f,-,-,-,11042,0,0,
bwana,819872927,7,5,KQ,-,-,-,11042,0,0,
bwana,819873128,7,2,Bf,-,-,-,11042,10,0,
bwana,819873182,7,1,Bc,k,kf,-,11032,10,0,
bwana,819873239,7,7,f,-,-,-,11022,0,0,
bwana,819873322,7,6,cc,kf,-,-,11022,45,0,
bwana,819873350,7,5,c,k,k,f,10977,10,0,
bwana,819873395,7,4,f,-,-,-,10967,0,0,
bwana,819873468,7,3,f,-,-,-,10967,0,0,
bwana,819873532,7,2,Bf,-,-,-,10967,10,0,
bwana,819873619,6,1,Bf,-,-,-,10957,5,0,
bwana,819873640,6,6,f,-,-,-,10952,0,0,
bwana,819873657,6,5,c,cr,-,-,10952,1310,2000,
bwana,819873714,6,4,f,-,-,-,11642,0,0,
bwana,819873759,6,3,cf,-,-,-,11642,10,0,
bwana,819873800,6,2,Bk,f,-,-,11632,10,0,
bwana,819873833,6,1,Bf,-,-,-,11622,5,0,
bwana,819873908,6,6,f,-,-,-,11617,0,0,
bwana,819873985,6,5,c,bf,-,-,11617,50,0,
bwana,819874026,6,4,f,-,-,-,11567,0,0,
bwana,819874063,6,3,f,-,-,-,11567,0,0,
bwana,819874113,6,2,Bk,k,f,-,11567,10,0,
bwana,819874147,6,1,Bc,k,k,k,11557,10,0,Td,9h
bwana,819874171,6,6,f,-,-,-,11547,0,0,
bwana,819874215,6,5,f,-,-,-,11547,0,0,
bwana,819874243,6,4,f,-,-,-,11547,0,0,
bwana,819874261,6,3,f,-,-,-,11547,0,0,
bwana,819874306,6,2,Bk,k,b,k,11547,60,150,Jd,2s
bwana,819874341,6,1,Bf,-,-,-,11637,5,0,
bwana,819874368,6,6,c,k,c,c,11632,160,0,Js,Ks
bwana,819874413,6,5,f,-,-,-,11472,0,0,
bwana,819874440,6,4,f,-,-,-,11472,0,0,
bwana,819874496,7,3,c,bc,k,b,11472,465,975,8s,9s
bwana,819874541,7,2,Bk,k,k,k,11982,10,40,Qc,4h
bwana,819874612,7,1,Bc,kf,-,-,12012,10,0,
bwana,819874655,7,7,c,k,f,-,12002,10,0,
bwana,819874701,7,6,f,-,-,-,11992,0,0,
bwana,819874724,7,5,c,b,c,k,11992,260,0,6s,Ks
bwana,819874781,7,4,c,k,kf,-,11732,10,0,
bwana,819874873,7,3,f,-,-,-,11722,0,0,
bwana,819874901,6,2,Bc,kc,krc,bA,11722,11722,23514,Js,Kd
bwana,819875018,7,1,Bc,k,kc,k,23514,60,0,4s,As
bwana,819875089,7,7,f,-,-,-,23454,0,0,
bwana,819875128,7,6,f,-,-,-,23454,0,0,
bwana,819875161,7,5,c,k,k,f,23454,10,0,
bwana,819875213,8,4,f,-,-,-,23444,0,0,
bwana,819875252,8,3,f,Q,-,-,23444,0,0,
