leo,818059415,8,6,f,-,-,-,3239,0,0,
leo,818059456,8,5,f,-,-,-,3239,0,0,
leo,818059477,8,4,f,-,-,-,3239,0,0,
leo,818059610,8,3,f,-,-,-,3239,0,0,
leo,818059706,8,2,Bk,k,k,f,3239,10,0,
leo,818059755,8,1,Bf,-,-,-,3229,5,0,
leo,818059833,8,8,c,f,-,-,3224,10,0,
leo,818059904,8,7,r,b,-,-,3214,150,210,
leo,818059944,8,6,f,-,-,-,3274,0,0,
leo,818059992,8,5,f,-,-,-,3274,0,0,
leo,818060030,8,4,f,-,-,-,3274,0,0,
leo,818060106,8,3,f,-,-,-,3274,0,0,
leo,818060152,8,2,Bk,kf,-,-,3274,10,0,
leo,818060193,8,1,Br,b,b,kc,3264,2075,0,Js,Jc
leo,818060264,8,8,c,f,-,-,1189,10,0,
leo,818060352,7,6,f,-,-,-,1179,0,0,
leo,818060407,7,5,f,-,-,-,1179,0,0,
leo,818060466,7,4,f,-,-,-,1179,0,0,
leo,818060532,7,3,c,b,-,-,1179,45,70,
leo,818060560,7,2,Bf,-,-,-,1204,10,0,
leo,818060616,7,1,Bf,-,-,-,1194,5,0,
leo,818060651,7,7,f,-,-,-,1189,0,0,
leo,818060709,7,6,f,-,-,-,1189,0,0,
leo,818060769,7,4,r,b,k,k,1189,140,0,9d,Ac
leo,818060827,7,3,f,-,-,-,1049,0,0,
leo,818060855,7,2,Bf,-,-,-,1049,10,0,
leo,818060922,7,1,Bf,-,-,-,1039,5,0,
leo,818060970,7,7,c,f,-,-,1034,10,0,
leo,818060998,7,6,f,-,-,-,1024,0,0,
leo,818061058,7,5,f,-,-,-,1024,0,0,
leo,818061097,7,4,r,bc,c,f,1024,560,0,
leo,818061187,7,3,f,-,-,-,464,0,0,
leo,818061227,7,2,Bf,-,-,-,464,10,0,
leo,818061302,7,1,Bc,k,k,k,454,10,0,3c,Jc
leo,818061358,6,6,f,-,-,-,444,0,0,
leo,818061378,6,5,f,-,-,-,444,0,0,
leo,818061405,6,4,f,-,-,-,444,0,0,
leo,818061444,6,3,f,-,-,-,444,0,0,
leo,818061496,6,2,Bf,-,-,-,444,10,0,
leo,818061537,6,1,Bf,-,-,-,434,5,0,
leo,818061566,6,6,c,f,-,-,429,10,0,
leo,818061605,6,5,f,-,-,-,419,0,0,
leo,818061658,6,4,f,-,-,-,419,0,0,
leo,818061711,6,3,c,f,-,-,419,10,0,
leo,818061747,6,2,Bc,k,brA,-,409,409,0,Td,Ts
